633 144 469 154 2 550 149 469 132 634 166
446 289 570 289 2 511 289 446 282 572 295
589 269 721 269 2 658 271 588 262 723 277
589 286 720 285 2 656 287 588 277 722 294
778 433 764 564 2 772 501 760 432 782 565
793 435 780 565 2 788 501 777 434 798 565
808 437 798 567 2 802 504 792 436 811 570
865 444 853 574 2 858 510 847 445 868 574
882 446 867 575 2 874 512 862 445 885 576
898 447 883 579 2 890 516 876 448 901 578
914 449 898 579 2 907 515 894 448 919 579
930 452 912 581 2 920 518 907 451 933 581
