446 166 301 169 2 374 168 299 157 448 178
433 183 305 184 2 368 184 302 177 433 190
430 201 304 199 2 366 198 301 190 431 205
443 214 283 219 2 363 218 280 210 445 226
443 232 284 237 2 362 234 281 225 443 243
649 171 463 172 2 562 172 463 160 652 185
630 195 463 202 2 546 200 459 187 628 213
628 218 464 232 2 547 227 460 211 630 241
455 253 624 241 2 540 246 458 235 622 258
457 270 619 258 2 542 263 458 252 625 274
832 280 682 216 2 756 247 676 211 835 282
844 258 693 193 2 768 223 686 184 845 261
770 415 618 375 2 689 391 612 367 769 417
784 436 618 406 2 702 420 619 396 787 444
49 474 35 606 2 42 544 31 473 53 602
62 479 55 607 2 56 540 44 477 68 603
152 471 139 615 2 142 545 130 468 154 616
161 474 157 619 2 156 548 146 474 166 621
176 474 172 618 2 175 548 166 474 184 622
260 505 239 625 2 250 566 235 502 265 630
275 505 254 630 2 265 569 251 507 278 631
