485 291 310 310 2 401 301 313 286 488 316
484 313 316 325 2 399 321 313 309 485 333
488 334 313 345 2 399 338 313 330 488 351
664 305 488 312 2 579 308 491 297 666 319
665 321 490 333 2 580 328 490 316 667 339
331 414 651 393 1 492 410 328 369 655 451
322 541 457 535 2 390 536 321 526 458 546
325 556 455 550 2 392 551 325 540 458 562
370 621 577 613 2 475 618 369 595 576 634
407 644 580 637 2 494 637 407 627 577 650
407 663 577 657 2 494 657 406 645 580 667
360 137 599 121 5 479 127 360 104 597 150
