169 248 308 190 2 243 215 169 184 315 249
459 173 584 124 2 523 146 457 118 587 177
344 226 187 289 2 264 261 184 225 343 297
227 439 184 331 2 204 385 178 330 229 439
397 402 235 466 2 317 437 233 400 400 474
254 514 412 447 2 336 481 253 445 419 517
637 355 479 420 2 559 391 478 354 640 427
407 393 637 295 1 521 343 400 280 642 406
479 617 320 682 2 399 654 319 616 479 691
505 663 341 730 2 420 704 340 663 504 744
685 530 528 597 2 607 568 522 528 685 607
537 651 709 582 2 625 610 535 570 715 652
