208 110 152 240 2 180 179 149 109 211 240
137 264 83 387 4 103 325 68 259 137 390
149 379 260 108 2 210 241 142 103 278 379
152 453 262 499 2 207 479 151 451 263 502
349 379 301 487 2 324 437 295 381 353 490
355 347 431 157 2 398 247 349 147 446 348
406 366 490 171 2 453 266 404 163 502 367
469 586 359 543 2 415 566 359 540 470 590
513 594 574 435 2 547 515 513 433 580 595
595 391 652 249 2 630 319 595 247 662 392
636 405 694 259 2 673 334 637 259 704 408
812 441 870 300 2 845 369 810 297 877 441
869 465 928 322 2 902 393 867 321 935 466
787 496 727 643 2 755 571 720 496 790 645
