61 648 51 534 2 56 592 44 537 65 649
74 646 63 531 2 69 593 58 536 78 647
179 341 192 472 2 187 407 172 340 203 472
324 486 310 376 2 317 433 306 376 328 488
341 490 328 384 2 334 437 321 382 346 490
358 490 345 389 2 352 439 340 387 361 490
344 360 331 229 2 337 295 325 229 349 361
384 387 366 256 2 374 322 358 253 390 388
524 435 510 308 2 517 370 505 304 527 436
542 442 525 299 2 535 370 520 297 549 442
503 249 488 98 2 494 173 478 97 508 249
523 247 504 99 2 513 172 496 96 529 247
569 324 557 130 1 565 228 538 127 591 328
627 644 614 500 2 620 572 603 498 636 645
777 580 753 384 5 767 485 741 387 792 583
387 468 379 416 0 383 442 0 0 0 0
289 681 294 741 0 292 711 0 0 0 0
194 487 209 564 3 202 526 191 487 212 565
211 609 224 681 3 217 645 206 612 227 678
244 573 248 661 3 243 614 232 567 253 661
253 573 254 658 3 257 612 247 571 266 652
