235 308 248 436 2 243 372 227 306 259 438
584 415 567 263 2 575 341 559 264 587 417
598 390 581 261 2 591 325 577 259 602 391
575 221 555 60 2 565 140 547 60 582 222
607 178 594 70 2 600 119 589 69 611 179
623 183 606 53 2 616 117 601 53 627 183
638 179 621 51 2 631 116 615 48 640 182
628 398 623 345 0 626 372 0 0 0 0
619 318 614 253 0 617 286 0 0 0 0
638 398 631 345 0 635 372 0 0 0 0
631 311 624 261 0 628 286 0 0 0 0
648 395 641 339 0 645 367 0 0 0 0
640 307 638 259 0 639 283 0 0 0 0
675 568 666 468 2 670 519 658 468 682 570
683 711 679 655 0 681 683 0 0 0 0
772 412 782 520 2 779 466 769 412 789 520
833 543 812 344 5 824 442 796 339 852 544
956 515 917 167 5 931 340 886 166 976 513
