420 248 231 257 2 327 252 231 236 423 267
765 249 937 236 2 852 245 765 229 939 255
792 266 923 257 2 859 261 791 253 925 270
784 283 923 275 2 858 278 784 269 926 289
744 326 970 319 2 859 323 743 308 971 337
721 439 874 423 2 805 429 720 416 880 444
726 458 880 443 2 805 452 726 437 883 460
712 476 877 465 2 797 467 710 457 878 480
716 513 870 507 2 794 509 715 500 870 520
703 535 873 529 2 785 531 702 520 873 544
719 557 872 553 2 805 557 718 546 873 565
170 555 426 529 1 300 542 168 510 431 573
722 229 465 242 1 594 233 464 208 723 257
