860 212 679 236 5 771 224 675 199 867 249
924 356 751 370 1 839 365 751 346 926 383
547 416 371 434 1 458 427 369 405 547 448
736 405 589 419 2 665 414 592 401 735 427
548 460 409 473 2 477 468 409 452 547 485
739 437 593 452 2 664 448 593 436 738 459
560 480 413 496 2 486 491 412 475 560 504
681 589 551 608 2 615 601 550 586 680 614
653 628 525 642 2 590 637 525 625 654 649
776 616 676 629 2 729 622 679 612 778 634
779 632 676 646 2 727 640 674 628 780 653
726 742 652 753 3 683 750 646 739 720 760
832 735 750 745 3 788 735 753 723 823 747
876 624 798 646 3 830 637 792 627 867 646
