452 168 261 187 1 357 177 259 154 455 200
758 116 620 129 2 690 123 620 109 759 137
376 216 234 232 2 304 226 231 212 377 240
380 234 236 253 2 308 247 235 231 381 258
565 197 425 211 2 496 204 425 191 566 217
558 215 431 229 2 494 228 433 212 559 234
513 348 387 363 2 446 358 383 346 513 370
485 387 362 403 2 424 394 361 383 486 406
608 376 514 386 2 564 380 514 372 611 392
609 392 509 404 2 557 400 507 388 609 410
606 406 504 420 2 554 417 501 403 606 424
468 546 593 532 2 528 539 467 526 591 553
759 648 655 659 2 705 651 653 642 759 663
760 660 656 670 2 711 668 656 659 763 676
681 517 619 531 3 645 526 609 514 681 538
789 510 723 520 3 757 514 724 504 790 523
