88 154 53 336 2 68 249 40 154 95 341
164 170 140 308 2 150 243 132 170 168 308
98 486 134 334 2 118 410 92 333 143 487
450 238 411 354 2 428 296 401 236 453 357
336 550 390 403 2 367 475 334 396 403 553
442 486 510 301 2 477 396 434 298 525 487
594 366 627 306 0 611 338 591 300 630 375
670 607 547 597 2 608 602 546 586 671 615
665 673 543 661 2 604 666 543 651 665 681
666 711 528 702 2 598 706 528 693 667 719
546 496 517 558 3 528 527 511 498 544 556
576 399 546 462 3 559 431 541 399 577 462
586 400 561 465 3 571 425 555 393 586 457
