212 758 322 738 2 265 745 211 733 323 762
606 575 646 669 2 629 622 603 574 655 673
640 597 666 663 0 653 630 0 0 0 0
682 593 696 656 0 689 625 0 0 0 0
670 610 686 660 0 678 635 0 0 0 0
871 511 898 583 0 886 548 867 509 904 586
968 491 985 584 2 979 538 963 489 994 587
56 321 62 184 2 64 254 49 184 74 322
142 266 145 193 0 143 230 134 191 151 269
161 270 161 197 0 163 233 154 195 171 270
276 274 285 172 2 281 226 270 172 292 274
392 298 361 157 2 376 228 353 156 397 300
463 296 429 141 2 447 219 420 141 471 297
541 330 515 144 2 528 238 507 142 548 331
569 241 559 136 2 568 189 555 136 578 241
658 255 655 141 2 660 205 646 141 670 255
689 198 683 137 0 657 198 645 139 668 257
