103 509 16 704 2 53 609 0 507 108 710
219 213 280 55 2 250 134 214 54 286 214
282 218 341 66 2 314 141 281 64 348 218
266 203 322 62 2 296 131 264 57 327 204
409 226 490 17 2 453 120 407 12 500 228
478 232 535 81 2 509 154 477 76 542 232
460 218 514 77 2 490 147 460 75 520 220
149 437 118 499 0 -56 811 -56 811 -56 811
157 419 92 393 0 -56 811 -56 811 -56 811
20 356 81 386 0 -56 811 -56 811 -56 811
75 252 46 315 0 -56 811 -56 811 -56 811
389 554 319 728 2 349 643 307 554 391 731
500 281 404 522 1 455 399 390 272 520 527
