406 543 186 532 2 298 539 186 521 409 557
806 542 1005 557 2 907 550 806 535 1008 565
837 522 989 532 2 914 527 836 517 991 537
828 502 989 512 2 910 507 828 495 993 518
782 452 1044 460 2 913 456 780 440 1045 473
755 321 932 340 2 846 332 754 315 939 348
761 299 939 317 2 852 310 761 297 943 324
744 278 936 291 2 840 287 742 274 937 300
749 235 928 242 2 838 239 748 227 928 251
734 210 931 217 2 832 213 733 199 931 227
753 184 930 189 2 841 186 751 175 931 197
116 187 413 217 1 266 202 113 166 418 239
756 565 458 550 1 607 561 457 532 757 589
