223 465 403 447 5 310 457 219 435 402 478
400 414 215 434 5 310 425 219 402 402 447
90 277 81 92 5 88 184 72 91 105 277
124 283 118 90 5 121 184 102 85 140 282
700 391 677 256 2 688 324 670 256 706 391
728 364 709 245 2 718 303 705 242 732 364
746 368 726 240 2 734 303 719 238 749 369
837 321 808 142 2 819 230 797 140 841 321
869 294 851 174 2 859 233 846 171 871 294
886 295 866 167 2 875 230 859 165 890 295
946 516 919 320 1 933 417 904 317 961 518
183 568 229 675 2 208 622 182 567 234 677
329 609 473 592 2 401 599 328 583 475 615
949 549 969 687 2 961 618 944 547 979 689
