1086 383 932 424 2 1005 406 926 378 1085 434
713 427 839 395 2 775 409 708 389 842 428
637 320 594 146 2 614 231 582 143 646 320
503 171 553 347 2 532 260 500 170 564 350
431 189 469 327 2 450 256 428 188 472 324
522 493 472 349 2 494 416 464 340 525 493
297 576 230 435 2 261 503 224 430 299 577
161 283 208 391 2 187 340 158 283 217 396
190 524 107 350 2 145 434 92 343 198 526
-19 660 96 639 2 38 647 -22 628 99 665
-10 723 107 700 2 50 709 -10 691 111 727
-7 759 123 739 2 56 746 -12 728 125 764
89 506 62 446 3 75 481 57 452 93 510
