31 645 -7 439 2 8 539 -22 433 39 645
117 627 90 471 2 101 549 81 471 122 627
43 269 83 441 2 65 355 36 268 94 442
441 550 397 419 2 415 484 386 415 445 552
312 197 373 363 2 349 282 310 193 388 371
432 269 509 479 2 475 375 423 268 526 482
604 405 642 473 0 623 437 601 395 645 480
691 132 551 143 2 621 139 550 123 692 156
685 57 547 71 2 616 65 547 48 685 82
686 14 530 24 2 608 20 530 5 687 35
550 258 517 188 3 529 223 510 190 548 256
584 368 550 296 3 565 332 544 296 585 368
595 367 567 293 3 578 338 560 302 595 374
