164 -48 291 -25 2 227 -36 162 -52 292 -19
621 164 667 55 2 648 107 617 50 678 165
660 138 691 62 0 -82 831 -82 831 -82 831
709 143 725 70 0 -82 831 -82 831 -82 831
695 123 714 65 0 -82 831 -82 831 -82 831
929 238 960 154 0 945 196 924 151 967 240
1041 261 1061 153 2 1053 207 1035 150 1071 264
-16 459 -10 618 2 -10 537 -25 457 3 618
82 522 86 607 0 83 564 73 519 93 609
104 518 104 602 0 106 561 96 518 116 605
238 513 248 631 2 244 572 231 513 256 631
373 485 337 649 2 353 566 327 483 378 650
455 488 415 667 2 435 577 405 486 464 667
545 448 515 664 2 530 557 506 447 554 666
578 551 566 673 2 575 612 562 551 588 673
681 535 678 667 2 681 601 667 535 695 667
717 601 710 672 0 680 601 666 533 693 670
