226 608 104 565 2 166 584 103 559 229 609
238 597 114 552 2 178 573 115 549 240 598
244 582 122 537 2 182 559 120 533 245 584
279 467 142 416 2 210 440 140 409 281 471
261 442 148 400 2 205 419 148 397 261 442
277 431 153 385 2 213 406 148 381 277 432
302 404 166 351 2 237 375 171 347 302 403
298 383 173 334 2 236 358 171 332 301 384
305 368 180 319 2 241 342 178 315 305 368
662 420 605 297 2 632 359 600 298 664 421
703 404 646 281 2 672 341 640 278 704 404
835 202 883 326 2 860 264 833 200 888 328
959 39 948 175 2 954 107 941 38 966 176
169 37 133 255 1 150 145 116 37 183 254
526 198 525 134 3 523 161 516 130 530 193
534 193 536 125 3 536 161 530 130 542 193
546 196 548 131 3 548 163 542 133 553 193
