607 723 527 735 0 -24 788 -24 788 -24 788
696 702 785 688 0 741 693 693 678 790 708
537 702 616 687 0 -24 788 -24 788 -24 788
630 685 791 651 2 711 667 630 645 793 688
809 646 819 522 2 815 586 803 525 828 647
830 473 840 367 2 838 422 825 369 851 475
876 435 853 613 2 863 525 840 433 885 616
671 487 694 442 0 -24 788 -24 788 -24 788
560 631 565 582 0 -24 788 -24 788 -24 788
549 557 542 601 0 -24 788 -24 788 -24 788
411 620 435 641 0 -24 788 -24 788 -24 788
581 478 596 357 2 591 417 576 356 606 478
376 356 498 366 2 436 364 375 353 498 376
523 374 528 330 0 -24 788 -24 788 -24 788
75 285 224 305 0 148 293 74 275 223 312
288 553 371 555 0 -24 788 -24 788 -24 788
-5 276 61 285 0 -24 788 -24 788 -24 788
179 215 237 221 0 -24 788 -24 788 -24 788
185 208 234 209 0 -24 788 -24 788 -24 788
196 162 246 167 0 -24 788 -24 788 -24 788
201 138 248 142 0 -24 788 -24 788 -24 788
402 13 284 44 2 343 31 283 11 403 52
481 11 542 64 0 513 40 476 7 551 73
557 78 556 123 0 -24 788 -24 788 -24 788
538 184 542 140 0 -24 788 -24 788 -24 788
549 190 552 138 0 -24 788 -24 788 -24 788
