119 25 19 -54 2 68 -16 15 -58 120 25
401 202 280 94 2 338 147 274 88 402 206
501 315 403 236 2 451 276 401 236 501 315
711 362 585 335 2 647 347 584 329 711 364
765 249 620 175 2 691 207 613 162 768 252
706 378 583 349 2 645 361 581 342 709 380
520 353 393 249 2 456 299 390 243 521 354
379 216 257 107 2 317 157 254 99 380 215
110 37 10 -41 2 58 -3 5 -44 111 38
99 50 1 -31 2 49 7 -1 -36 100 51
362 236 239 127 2 298 181 233 121 363 240
346 255 221 147 2 281 198 216 141 346 255
507 368 382 262 2 444 314 378 259 510 370
496 382 372 276 2 431 325 366 268 497 382
704 394 578 364 2 640 377 575 357 705 396
699 408 574 380 2 637 391 574 371 700 410
696 423 571 394 2 635 407 571 389 699 425
