215 496 45 484 2 132 488 45 472 219 504
219 469 50 453 2 133 461 45 447 221 475
222 444 52 429 2 136 434 49 419 222 449
230 415 64 403 2 148 409 64 396 233 421
423 500 256 494 2 341 496 256 486 426 505
425 480 259 474 2 340 478 255 469 425 486
423 462 258 457 2 340 459 255 450 426 468
386 441 259 440 2 320 442 255 434 386 449
558 218 394 248 2 475 239 389 214 561 264
616 404 496 462 2 553 435 490 404 615 466
606 392 487 449 2 545 421 483 391 607 452
598 378 480 434 2 538 405 475 376 600 435
592 361 475 419 2 531 392 469 360 594 425
