646 650 465 639 2 556 644 465 626 647 663
439 490 576 490 2 509 490 439 483 578 497
597 512 743 512 2 671 511 596 503 745 520
597 493 742 494 2 670 494 596 484 744 503
806 331 790 186 2 798 258 786 185 810 332
822 328 808 185 2 816 257 805 185 828 330
839 326 828 183 2 832 253 821 179 842 327
902 318 889 175 2 894 246 882 175 905 317
921 316 904 174 2 911 245 899 173 924 317
938 315 922 169 2 928 242 914 170 942 314
956 313 938 169 2 948 242 934 169 962 314
974 310 954 167 2 963 239 948 167 977 311
