334 667 474 669 2 405 668 333 657 477 678
517 712 675 716 2 595 715 517 706 673 723
516 696 672 697 2 593 697 514 689 673 705
482 673 679 680 2 580 675 480 663 679 688
717 532 695 408 2 704 469 691 405 718 532
727 531 712 407 2 716 467 704 404 728 529
738 529 726 405 2 730 468 720 405 741 531
821 537 811 392 2 814 465 806 392 823 537
833 534 828 388 2 829 462 823 389 836 535
849 534 843 390 2 846 462 837 389 855 535
922 505 893 384 2 907 444 889 382 925 505
932 502 907 379 2 919 442 902 381 936 502
947 500 924 379 2 933 439 918 376 948 502
