444 609 295 606 2 370 607 293 597 446 618
431 591 299 590 2 364 591 296 584 431 598
428 573 298 575 2 362 577 295 569 429 584
441 560 277 554 2 358 555 274 547 443 564
441 541 278 536 2 358 539 275 530 441 548
653 604 462 603 2 559 602 462 589 656 615
634 579 462 572 2 545 574 458 561 632 587
632 555 463 541 2 546 547 459 532 634 563
454 519 628 532 2 541 526 457 514 625 538
456 502 622 514 2 543 509 457 498 629 520
842 492 687 557 2 763 526 681 490 845 563
854 514 699 581 2 773 551 691 511 855 590
778 353 621 394 2 696 376 615 351 777 402
792 331 621 362 2 709 348 622 323 795 372
36 292 22 156 2 29 227 17 160 40 293
49 287 42 155 2 43 224 31 159 55 289
142 295 129 147 2 132 222 119 146 144 298
151 292 147 143 2 146 216 136 141 156 292
167 292 162 144 2 166 216 156 140 175 292
253 260 231 137 2 243 197 227 132 258 263
268 260 247 132 2 258 194 244 130 272 258
