257 474 435 432 2 347 449 256 422 438 477
604 232 424 224 2 512 230 420 219 604 242
607 214 425 205 2 515 210 423 199 608 221
606 194 422 185 2 515 190 422 179 608 201
606 178 424 168 2 517 171 424 161 609 181
617 228 797 239 2 709 235 616 219 803 251
617 198 803 208 2 710 206 616 191 805 222
620 169 807 179 2 712 175 619 161 804 189
834 179 1004 178 2 919 180 835 165 1003 194
812 541 824 682 2 818 612 806 541 829 682
825 545 843 681 2 834 614 822 547 847 681
838 545 862 678 2 851 611 836 544 866 678
