179 188 160 56 2 165 123 149 57 180 189
191 185 174 53 2 181 121 166 56 196 186
209 376 188 212 2 199 293 180 212 217 374
235 371 217 208 2 224 291 206 209 241 374
260 371 243 208 2 249 290 229 208 268 373
238 544 221 394 2 230 470 211 394 249 546
266 589 355 714 2 313 653 264 589 361 716
277 581 368 706 2 328 645 279 581 376 709
373 685 287 558 2 328 622 280 558 375 686
514 641 459 500 2 483 570 449 499 517 641
504 160 627 131 2 566 143 503 124 630 163
507 148 623 114 2 567 128 507 108 627 148
506 137 618 93 2 562 115 504 91 620 139
