254 411 237 273 2 244 342 226 272 262 411
347 234 364 336 2 357 286 345 233 369 338
352 358 371 465 2 363 411 350 357 376 466
366 357 383 460 2 376 409 364 355 388 463
513 492 619 463 2 566 475 513 459 619 491
515 503 621 474 2 569 487 515 471 623 503
519 515 624 489 2 572 501 519 484 626 517
533 558 636 532 2 584 544 530 528 637 560
536 571 637 545 2 588 556 536 540 640 572
538 585 641 556 2 592 568 539 551 645 585
543 596 646 567 2 594 581 541 565 646 598
546 608 647 577 2 598 592 546 573 650 610
