170 268 149 83 2 157 175 137 85 178 265
196 262 176 81 2 185 172 168 79 202 264
228 259 206 78 2 214 170 195 78 233 261
253 264 236 91 2 243 177 227 90 260 263
205 473 180 303 2 191 388 171 302 211 474
225 474 199 302 2 207 386 189 299 225 473
244 470 217 300 2 229 382 209 297 249 467
255 426 234 294 2 243 363 227 299 258 426
332 643 253 536 2 292 588 251 533 332 643
344 634 269 526 2 303 579 262 524 344 635
357 624 282 515 2 317 569 275 516 358 622
372 616 294 511 2 332 561 290 507 373 615
506 561 449 404 2 473 482 435 400 511 564
