484 483 299 463 2 394 473 302 457 487 488
482 460 305 447 2 393 452 302 439 484 464
487 438 302 426 2 394 431 302 420 487 442
672 468 487 461 2 582 465 490 454 674 477
673 452 489 439 2 582 445 489 433 675 457
321 354 658 376 1 490 358 318 315 663 401
312 220 454 226 2 383 225 311 214 455 236
315 204 452 210 2 385 209 315 198 455 221
362 135 580 144 2 470 142 361 122 579 163
401 111 584 119 2 491 117 401 105 580 129
401 91 580 98 2 492 99 400 87 584 110
352 645 604 662 5 477 656 352 632 602 680
