804 191 770 71 2 783 131 761 70 806 192
369 90 446 154 2 408 122 366 89 450 156
540 224 461 162 2 500 192 458 158 541 225
635 304 554 237 2 596 269 552 233 640 305
741 387 657 319 2 698 351 653 315 744 388
442 226 313 122 1 377 173 306 113 448 233
562 313 476 244 2 518 277 472 239 564 315
600 341 632 367 0 66 720 66 720 66 720
690 416 640 375 0 665 396 637 375 692 418
347 286 265 171 2 306 226 260 166 352 285
301 314 218 200 2 257 256 210 197 304 315
279 314 210 224 2 243 270 204 223 282 317
185 237 114 294 0 66 720 66 720 66 720
376 473 286 543 2 328 511 279 472 377 550
338 562 374 612 0 66 720 66 720 66 720
516 587 553 636 0 533 615 512 586 555 644
