311 347 188 325 2 249 334 185 318 313 350
189 280 312 295 2 253 289 189 274 316 304
355 191 194 205 1 275 198 191 175 358 222
318 136 210 151 2 264 144 206 132 321 155
338 135 435 126 2 386 131 337 121 434 140
545 111 444 123 2 495 118 444 108 547 128
660 97 558 111 2 608 104 556 93 660 115
733 177 788 258 2 759 217 731 175 788 259
638 383 745 399 2 691 392 636 377 745 407
723 410 660 402 0 691 392 636 377 745 407
923 444 821 431 2 872 434 820 424 924 445
759 482 810 447 0 785 466 754 444 815 487
821 553 825 511 0 79 710 79 710 79 710
813 606 819 563 0 79 710 79 710 79 710
749 680 788 685 0 79 710 79 710 79 710
725 670 731 624 0 79 710 79 710 79 710
393 639 405 535 0 400 585 388 532 412 639
