418 142 341 264 2 379 202 336 138 422 266
305 323 237 432 2 269 377 231 322 306 433
589 227 515 352 2 549 291 507 229 591 352
499 366 387 543 1 440 457 376 361 504 553
623 251 548 375 2 585 315 545 252 624 378
603 322 564 378 0 580 352 560 324 601 379
694 295 643 263 0 96 698 96 698 96 698
669 466 749 335 2 715 398 670 329 760 468
791 357 701 510 2 741 433 687 352 794 514
775 677 835 580 2 808 628 776 578 840 677
842 552 900 462 4 874 506 839 455 910 556
370 303 258 487 1 315 388 241 289 389 487
