131 429 112 316 2 118 373 102 316 134 431
171 355 209 635 2 191 495 156 352 226 637
303 268 221 280 2 262 274 218 262 305 285
212 267 167 275 0 78 711 78 711 78 711
408 428 434 629 2 425 530 398 426 452 634
392 380 382 300 2 386 341 372 299 399 383
410 251 522 234 2 466 242 408 229 523 255
582 404 561 255 2 570 327 551 252 589 403
588 451 610 597 2 598 526 582 451 615 601
632 446 653 595 2 643 521 628 445 659 596
626 402 606 252 2 615 325 598 250 632 400
774 230 796 395 2 788 312 768 229 807 395
805 456 825 602 2 815 528 798 453 832 603
901 622 862 356 5 881 487 851 350 910 624
