144 705 85 566 2 112 633 78 562 147 705
54 490 -9 333 2 20 409 -16 329 56 489
162 296 223 443 2 193 367 160 294 227 441
242 494 302 640 2 274 565 242 493 306 637
207 282 263 431 2 237 353 203 280 271 426
279 469 345 630 2 315 551 277 469 353 634
488 588 379 633 2 433 609 379 585 486 634
433 240 478 349 2 461 294 432 238 490 351
524 565 472 443 2 497 503 468 441 526 565
703 424 596 156 2 644 285 578 146 710 424
880 227 947 398 2 918 314 876 227 959 401
863 189 796 28 2 826 107 786 23 867 191
927 201 848 7 2 887 100 841 1 932 200
708 302 682 243 0 643 281 576 141 710 421
678 230 658 168 0 643 281 576 141 710 421
714 318 743 378 0 728 341 709 308 746 374
