360 191 282 312 2 319 253 278 190 360 315
506 254 584 134 2 546 194 504 131 588 257
482 293 410 413 2 443 356 401 293 484 418
434 448 520 313 2 479 379 432 310 525 449
616 159 547 265 2 579 213 541 157 617 268
459 476 550 531 2 505 504 457 473 552 535
641 590 728 642 2 686 618 637 588 736 649
612 565 680 460 2 647 513 611 459 684 567
580 545 648 440 2 616 489 578 432 653 546
667 399 753 265 2 711 330 664 259 757 401
724 386 794 279 2 760 330 723 276 798 385
769 649 837 540 2 804 593 768 538 840 649
866 494 933 390 2 900 441 863 386 937 496
958 437 831 634 1 894 534 816 426 972 642
