210 657 154 528 2 182 593 151 528 213 658
140 504 86 382 4 105 444 71 379 140 509
151 390 262 659 2 212 527 144 390 280 664
154 316 264 271 2 209 293 153 268 265 318
350 390 302 282 2 325 334 296 279 354 388
356 421 431 610 2 398 520 350 420 446 620
407 403 490 596 2 453 503 405 402 502 604
469 184 360 227 2 415 205 360 180 470 230
513 176 573 334 2 546 256 513 175 579 336
594 378 651 519 2 627 449 594 377 661 521
635 364 693 509 2 669 435 636 361 702 509
810 328 867 468 2 841 400 808 328 874 471
866 304 925 446 2 898 375 864 303 932 447
785 274 725 128 2 753 200 718 126 788 274
