35 106 24 227 2 28 165 17 105 39 224
49 109 37 230 2 42 166 32 107 53 225
160 431 173 292 2 169 362 152 292 185 432
313 278 298 394 2 306 335 294 276 317 394
331 273 317 385 2 323 331 310 273 336 388
349 273 335 380 2 341 328 330 273 352 382
334 411 320 549 2 327 480 314 410 339 549
376 382 357 521 2 366 453 349 381 383 524
524 332 510 466 2 516 400 504 331 528 470
543 324 525 475 2 535 401 520 324 551 477
502 528 486 688 2 492 609 476 528 507 689
523 530 503 687 2 512 610 495 530 530 690
572 449 559 654 1 567 551 539 445 595 657
633 111 620 263 2 625 187 608 110 643 265
792 178 766 385 5 781 279 754 175 808 382
380 297 371 352 0 -29 791 -29 791 -29 791
276 72 281 8 0 -29 791 -29 791 -29 791
176 277 191 195 3 183 235 172 194 195 277
194 148 207 72 3 199 110 188 75 210 144
228 186 233 93 3 227 142 216 93 238 192
238 186 239 96 3 242 145 232 102 252 188
