218 466 232 330 2 227 398 210 328 244 468
588 352 570 513 2 576 431 562 350 591 512
603 379 585 516 2 594 448 581 378 607 518
579 558 557 728 2 567 643 549 557 586 728
612 603 599 718 2 605 661 593 602 617 719
629 598 611 736 2 620 667 606 598 634 736
645 602 627 738 2 634 670 621 599 647 741
635 370 629 427 0 -30 792 -30 792 -30 792
625 455 620 524 0 -30 792 -30 792 -30 792
645 370 638 427 0 -30 792 -30 792 -30 792
638 463 630 516 0 -30 792 -30 792 -30 792
656 374 648 433 0 -30 792 -30 792 -30 792
647 467 645 518 0 -30 792 -30 792 -30 792
684 190 675 296 2 679 242 666 188 692 296
693 39 689 98 0 -30 792 -30 792 -30 792
787 356 798 241 2 795 298 784 241 805 356
852 217 830 428 5 842 324 813 216 872 433
982 247 941 615 5 956 432 908 249 1003 616
