593 458 425 460 1 509 462 425 447 594 478
119 462 219 460 2 170 460 120 452 220 467
71 444 226 438 2 147 443 68 432 226 455
409 446 285 448 2 349 448 287 441 410 455
410 434 288 435 2 348 434 286 428 410 441
224 405 80 407 2 152 406 80 399 224 414
227 389 97 389 2 162 390 97 383 228 398
394 401 272 403 2 332 403 271 393 393 413
398 383 276 385 2 337 384 275 376 399 391
406 369 276 369 2 341 369 276 361 407 376
339 277 198 283 2 266 281 194 270 338 292
337 260 193 263 2 266 262 193 251 338 272
183 230 303 228 2 245 231 184 222 306 239
163 212 306 208 2 235 210 163 201 306 220
474 77 409 78 3 442 78 408 69 477 87
563 106 483 106 3 530 107 486 97 574 116
513 203 451 200 3 480 202 444 194 516 210
513 187 442 184 3 478 188 439 180 516 196
500 177 448 177 3 473 178 439 170 506 185
393 223 329 226 3 359 227 326 220 392 234
