898 576 697 549 5 799 563 693 535 906 590
969 416 777 401 1 874 407 777 386 971 427
551 350 356 330 1 452 338 354 314 551 362
760 362 597 346 2 680 352 601 338 759 366
552 301 398 287 2 474 292 398 273 551 310
764 327 602 310 2 682 315 602 302 763 328
565 279 402 261 2 483 268 401 252 565 284
699 158 555 137 2 626 146 554 130 698 161
668 115 526 99 2 598 105 526 92 669 118
805 128 694 114 2 752 120 697 108 807 133
808 110 694 95 2 750 101 692 87 809 115
749 -11 667 -23 3 702 -19 661 -31 743 -7
867 -3 776 -14 3 818 -3 779 -16 857 9
916 119 829 95 3 864 105 822 95 906 116
