464 558 311 542 1 388 550 309 532 466 569
709 599 599 589 2 655 594 599 582 710 605
403 519 289 506 2 345 511 287 500 404 522
406 505 291 489 2 349 496 290 485 407 507
555 534 442 523 2 499 529 442 518 555 539
549 520 447 509 2 499 513 449 505 550 522
513 413 412 401 2 461 405 409 396 513 415
491 382 392 369 2 441 376 391 367 491 385
589 391 514 383 2 553 386 514 378 592 394
590 378 510 368 2 549 372 508 363 590 381
588 367 506 355 2 545 361 503 352 588 369
477 254 577 266 2 526 260 476 249 576 270
710 173 627 164 2 668 169 625 161 710 177
711 163 628 155 2 671 157 628 150 714 164
648 278 598 266 3 619 270 590 261 648 280
734 283 681 275 3 709 280 682 273 735 288
