194 88 193 194 2 193 142 187 87 200 196
207 88 208 189 2 207 140 200 86 214 194
329 360 331 242 2 330 300 319 239 341 361
452 215 449 315 2 450 264 442 213 457 315
468 209 463 306 2 465 259 457 209 472 309
481 209 480 301 2 481 256 474 210 489 302
481 329 480 449 2 480 389 474 329 485 450
516 300 513 423 2 513 362 503 299 524 425
638 417 635 559 2 637 489 629 417 645 561
656 418 653 561 2 653 489 644 417 661 561
642 244 637 368 2 639 305 632 244 647 366
657 236 654 369 2 657 302 649 233 665 371
695 342 695 525 1 699 430 682 335 716 525
719 41 720 178 2 718 110 709 41 727 178
862 90 858 267 5 860 177 844 83 877 271
367 129 364 66 3 367 100 359 60 375 141
