202 599 207 432 2 204 514 191 430 218 599
226 577 230 432 2 227 504 215 432 238 576
269 396 267 564 2 268 481 256 398 279 564
292 396 293 568 2 291 481 279 396 302 565
419 536 412 687 2 414 611 403 535 426 687
439 544 429 713 2 434 629 423 545 446 713
406 321 399 474 2 401 398 392 319 411 477
423 334 417 476 2 420 407 410 334 430 480
444 338 439 485 2 441 414 426 341 456 487
472 725 478 543 2 477 635 461 544 494 726
498 670 503 555 2 503 610 493 551 513 669
485 319 480 473 2 481 396 470 319 491 474
501 323 494 470 2 498 397 489 323 507 471
531 97 523 305 1 528 202 508 96 548 307
