326 90 472 88 2 402 88 325 78 476 100
517 43 682 39 2 601 40 517 31 680 49
516 60 679 58 2 598 61 514 50 680 67
481 83 687 76 2 583 83 479 68 687 94
726 231 703 360 2 715 297 699 231 727 363
737 232 721 361 2 727 301 713 234 738 364
748 234 736 363 2 740 298 729 232 751 363
835 226 824 377 2 828 303 819 225 837 377
847 229 842 381 2 844 306 837 228 850 380
864 229 858 379 2 861 308 852 228 870 380
940 259 910 385 2 925 323 906 259 943 387
951 262 925 390 2 938 325 919 262 955 388
966 264 942 391 2 952 328 936 262 967 394
