166 589 146 726 2 150 657 135 588 167 725
178 592 161 729 2 168 662 152 591 183 726
197 393 175 564 2 187 485 167 396 205 564
224 399 205 568 2 212 483 194 396 230 567
250 399 232 568 2 240 484 218 397 258 568
227 219 209 375 2 219 299 199 217 238 375
256 172 349 42 2 305 106 254 40 355 172
268 180 362 51 2 321 115 270 48 370 180
367 72 278 204 2 317 139 271 71 369 204
514 118 457 265 2 480 191 446 118 517 266
503 618 631 648 2 568 635 502 615 634 655
506 630 627 666 2 571 651 506 630 631 672
505 642 622 687 2 564 667 503 640 624 690
