205 352 184 517 2 197 438 171 352 214 518
315 563 335 442 2 332 501 313 439 342 564
321 416 344 288 2 335 349 319 287 350 417
338 417 358 294 2 350 354 335 291 364 419
513 256 640 291 2 576 275 513 257 640 295
516 243 642 277 2 580 261 515 243 644 281
520 229 646 259 2 586 247 520 226 648 265
537 177 660 208 2 598 193 534 175 661 213
540 162 661 193 2 602 180 540 160 664 199
543 145 666 180 2 607 166 544 145 670 186
549 132 672 166 2 610 151 547 130 672 169
553 117 673 154 2 616 137 553 115 676 159
