187 496 167 672 2 175 589 155 498 194 670
212 501 193 673 2 201 587 185 499 217 675
242 504 221 676 2 231 595 211 502 247 676
266 499 250 664 2 257 589 241 500 272 665
220 301 196 462 2 207 383 188 300 226 463
239 300 214 463 2 222 384 205 301 239 466
257 304 232 465 2 243 387 224 306 262 468
268 345 248 471 2 256 406 241 345 271 466
341 139 266 241 2 301 192 264 139 341 244
352 148 281 250 2 313 200 274 147 352 252
365 157 293 261 2 328 209 287 159 366 260
379 165 305 265 2 341 218 301 166 380 268
506 217 452 366 2 475 295 439 214 511 370
