274 429 129 454 2 204 445 126 425 277 463
130 508 276 490 2 207 498 131 479 280 515
326 613 136 596 1 232 604 133 576 330 632
283 678 155 660 2 219 667 151 655 286 682
306 679 421 689 2 362 683 305 673 420 695
551 707 432 693 2 490 699 431 687 553 711
686 723 566 707 2 626 713 564 702 687 728
773 629 837 533 2 804 580 770 532 837 631
660 386 787 367 2 723 376 658 358 787 393
761 354 686 363 0 723 376 658 358 787 393
997 314 877 329 2 934 323 875 313 998 338
803 269 864 310 0 834 289 798 263 869 314
876 185 881 235 0 879 210 0 0 0 0
867 123 874 173 0 871 148 0 0 0 0
792 35 838 29 0 815 32 0 0 0 0
763 47 770 101 0 767 74 0 0 0 0
371 84 385 207 0 380 147 365 84 394 210
