396 683 302 533 2 348 608 295 530 401 687
257 460 174 326 2 214 394 166 325 259 462
606 578 515 425 2 559 500 505 424 609 576
496 407 358 190 1 424 296 345 178 502 414
648 548 555 396 2 604 470 552 393 649 547
623 461 575 393 0 596 425 570 391 621 459
735 495 672 534 0 704 515 0 0 0 0
704 284 803 446 2 761 368 705 282 816 453
854 419 743 230 2 796 325 726 226 858 424
834 26 908 145 2 879 83 835 25 914 147
917 179 988 290 4 957 236 913 174 1000 298
337 485 199 259 1 270 381 179 259 360 502
