63 332 41 465 2 48 400 29 330 67 466
110 420 155 90 2 135 257 93 87 175 423
266 522 169 508 2 218 515 166 502 268 529
158 523 106 514 0 132 519 0 0 0 0
389 333 420 97 2 411 215 378 91 441 336
371 390 359 484 2 364 437 347 387 379 486
392 542 524 562 2 460 551 390 538 525 568
594 362 570 537 2 581 452 558 363 603 541
602 306 627 134 2 613 216 594 130 634 306
654 312 678 137 2 667 224 649 135 685 313
647 364 623 541 2 634 455 613 366 654 543
821 567 847 373 2 838 471 814 372 860 568
857 301 881 129 2 869 210 849 127 889 304
971 105 924 418 5 947 264 912 102 981 426
