98 183 218 100 2 164 144 99 100 224 185
263 138 137 229 2 196 189 129 139 266 238
421 28 307 110 2 363 71 304 27 423 115
402 236 533 145 2 469 192 401 141 539 238
554 180 438 261 2 494 227 433 180 555 267
658 317 557 390 2 608 357 555 316 660 394
490 437 388 507 2 437 474 384 436 492 513
554 441 415 540 2 480 496 408 443 555 549
681 345 581 420 2 633 385 581 344 682 424
778 468 716 382 2 745 428 713 381 780 470
627 600 526 667 2 576 641 522 599 629 676
659 622 559 691 2 608 664 555 622 660 698
