125 516 89 316 2 109 416 80 315 135 519
172 474 143 309 2 155 392 134 309 176 475
203 661 181 532 2 190 597 175 529 205 662
359 634 241 657 2 301 649 241 633 361 664
352 408 325 274 2 338 343 320 273 354 410
429 615 404 484 2 417 550 400 480 433 617
543 207 579 360 2 561 286 539 207 582 364
582 403 616 573 2 603 489 580 402 625 576
582 192 624 369 2 605 278 580 190 628 366
622 396 657 570 2 642 482 619 394 664 570
747 127 784 301 2 773 213 747 126 792 300
864 376 813 124 1 837 251 795 121 879 381
