596 309 422 306 1 510 304 422 288 597 320
105 304 209 306 2 158 306 106 299 210 315
55 323 216 329 2 134 324 52 312 216 336
406 321 277 319 2 343 319 279 312 407 326
407 333 280 332 2 342 336 278 326 407 340
214 363 65 361 2 139 362 65 354 214 370
217 380 82 380 2 149 379 82 371 218 386
390 368 264 366 2 325 367 263 355 389 376
394 386 268 384 2 330 386 267 378 395 393
402 401 268 401 2 334 403 268 393 403 409
333 496 187 490 2 255 494 183 481 332 503
331 514 182 511 2 256 512 182 501 332 523
171 545 296 547 2 236 543 172 535 299 553
151 563 299 568 2 225 567 151 555 299 575
473 703 406 702 3 440 702 404 693 476 711
565 673 482 673 3 531 673 485 663 576 682
513 573 449 576 3 479 574 442 565 516 582
513 589 440 592 3 477 589 437 580 516 597
500 600 446 600 3 472 599 437 591 506 607
389 552 323 549 3 354 548 320 541 388 555
