183 691 182 581 2 181 636 175 579 189 692
196 691 197 586 2 197 637 189 581 203 693
322 409 324 532 2 322 471 312 408 335 535
450 560 446 456 2 447 509 439 456 455 562
466 566 461 465 2 461 514 455 462 470 566
480 566 478 471 2 481 514 472 469 488 565
480 442 478 317 2 478 377 472 316 484 442
516 472 513 344 2 513 408 502 342 524 473
642 350 639 204 2 641 276 633 202 649 350
661 349 658 202 2 657 274 648 202 666 350
646 529 641 401 2 642 464 636 403 651 530
662 538 659 400 2 662 470 653 398 670 541
701 428 701 239 1 705 337 687 239 723 435
726 739 727 598 2 725 669 715 598 734 739
874 689 870 506 5 872 599 855 502 889 696
362 648 358 714 3 362 678 353 636 370 720
