178 307 55 331 2 118 319 56 304 180 334
181 321 58 343 2 119 332 58 320 179 350
177 337 78 357 2 124 350 75 336 179 361
549 246 452 264 2 501 259 452 243 549 270
221 365 69 396 2 141 382 65 362 222 401
382 333 256 357 2 322 347 259 332 384 362
407 345 265 371 2 335 363 262 342 407 380
325 687 448 667 2 384 677 324 657 449 693
323 131 514 99 5 418 115 322 85 514 144
404 637 328 655 3 366 646 328 634 404 658
436 639 508 625 3 468 632 434 621 502 642
544 649 464 666 3 504 656 467 645 541 666
