224 185 228 340 2 226 265 213 185 238 342
246 205 250 340 2 247 273 236 206 257 340
286 373 284 217 2 285 295 274 217 295 372
307 373 308 214 2 306 295 295 216 317 373
425 243 419 103 2 421 174 410 103 432 244
444 236 435 79 2 440 157 429 79 450 235
413 443 407 301 2 410 371 400 298 418 445
429 431 423 299 2 427 363 417 295 436 431
449 427 444 291 2 446 357 432 289 460 425
475 68 480 237 2 480 152 464 67 495 236
499 119 503 226 2 502 175 494 120 513 229
487 445 482 302 2 483 370 473 301 492 445
502 441 495 305 2 499 373 490 304 507 441
529 651 522 458 1 527 554 508 456 545 652
