203 299 395 318 5 297 308 199 285 394 331
392 354 195 332 5 297 342 199 318 394 366
61 500 52 697 5 60 599 42 500 77 698
98 493 91 699 5 95 599 74 494 115 704
712 378 688 522 2 698 450 680 378 718 522
742 407 722 534 2 732 472 717 407 746 537
761 403 740 539 2 749 473 732 402 764 541
858 453 827 644 2 839 553 816 453 862 646
892 482 873 610 2 883 549 868 481 895 613
910 480 889 617 2 901 550 882 480 915 619
975 245 946 454 1 961 350 930 243 991 457
161 189 210 75 2 187 197 160 73 215 190
316 145 470 164 2 393 259 315 139 472 173
978 209 999 62 2 991 136 972 60 1010 212


