881 272 960 97 2 926 182 877 91 975 274
777 539 722 681 2 749 610 717 538 781 682
720 534 667 671 2 691 603 661 534 721 673
735 548 684 675 2 708 613 680 547 736 679
606 527 533 715 2 566 622 524 525 608 720
544 522 492 658 2 516 592 486 522 545 662
560 534 511 661 2 533 598 506 533 560 663
840 337 868 281 0 1025 0 1025 0 1025 0
833 353 891 377 0 1025 0 1025 0 1025 0
956 410 901 383 0 1025 0 1025 0 1025 0
907 504 933 447 0 1025 0 1025 0 1025 0
624 232 687 75 2 660 152 622 72 698 232
524 478 610 261 1 565 371 506 256 623 486
