605 248 794 257 2 698 251 602 236 794 267
260 249 88 236 2 173 242 86 229 260 255
233 266 102 257 2 167 261 100 253 234 270
241 283 102 275 2 170 279 99 269 241 289
281 326 55 319 2 168 322 54 308 282 337
304 439 151 423 2 225 430 145 416 305 444
299 458 145 443 2 221 448 142 437 299 460
313 476 148 465 2 231 468 147 457 315 480
309 513 155 507 2 233 510 155 500 310 520
322 535 152 529 2 238 532 152 520 323 544
306 557 153 553 2 230 555 152 546 307 565
855 555 599 529 1 726 541 594 510 857 573
303 229 560 242 1 432 232 302 208 561 257
