822 299 630 318 5 729 308 631 285 826 331
633 354 830 332 5 729 342 631 318 826 366
964 500 973 697 5 966 599 948 500 983 698
927 493 934 699 5 931 599 910 494 951 704
313 378 337 522 2 326 450 307 378 345 522
283 407 303 534 2 294 472 279 407 308 537
264 403 285 539 2 277 471 261 402 293 541
167 453 198 644 2 186 549 163 453 209 646
133 482 152 610 2 144 547 130 481 157 613
115 480 136 617 2 127 549 110 480 143 619
50 245 79 454 1 65 350 34 243 95 457
864 189 815 75 2 838 131 810 73 865 190
709 145 555 164 2 632 156 553 139 710 173
47 209 26 62 2 34 136 15 60 53 212
