30 386 160 352 2 98 366 31 343 165 390
344 349 238 376 2 292 364 235 348 348 381
408 439 444 585 2 427 513 400 439 454 588
520 564 478 416 2 496 489 469 414 523 565
581 549 549 433 2 565 493 546 436 583 550
504 294 546 415 2 528 358 502 294 553 422
693 224 750 342 2 724 285 692 223 755 347
808 470 768 379 2 786 422 761 375 810 470
783 268 853 414 2 822 343 777 266 866 420
960 153 862 171 2 911 164 860 149 962 180
952 100 853 120 2 901 112 850 97 952 127
950 70 840 87 2 896 81 838 66 954 96
868 283 891 333 3 880 303 865 279 895 328
