813 758 703 738 2 758 747 702 733 814 762
419 575 379 669 2 396 623 370 574 422 673
385 597 359 663 0 1025 0 1025 0 1025 0
343 593 329 656 0 1025 0 1025 0 1025 0
355 610 339 660 0 1025 0 1025 0 1025 0
154 511 127 583 0 140 547 121 509 158 586
57 491 40 584 2 47 538 31 489 62 587
969 321 963 184 2 964 253 951 184 976 322
883 266 880 193 0 883 230 874 191 891 269
864 270 864 197 0 863 232 854 195 871 270
749 274 740 172 2 744 223 733 172 755 274
633 298 664 157 2 650 228 628 156 672 300
562 296 596 141 2 580 219 554 141 605 297
484 330 510 144 2 498 236 477 142 518 331
456 241 466 136 2 459 188 447 136 470 241
367 255 370 141 2 367 198 355 141 379 255
336 198 342 137 0 369 198 357 139 380 257
