995 386 865 352 2 926 367 860 343 994 390
681 349 787 376 2 734 362 677 348 790 381
617 439 581 585 2 598 514 571 439 625 588
505 564 547 416 2 529 490 502 414 556 565
444 549 476 433 2 460 492 442 436 479 550
521 294 479 415 2 497 358 472 294 523 422
332 224 275 342 2 304 285 270 223 333 347
217 470 257 379 2 240 426 215 375 264 470
242 268 172 414 2 205 345 159 266 248 420
65 153 163 171 2 116 165 63 149 165 180
73 100 172 120 2 124 112 73 97 175 127
75 70 185 87 2 129 80 71 66 187 96
157 283 134 333 3 145 304 130 279 160 328
