972 302 947 388 2 958 344 940 301 976 388
942 303 925 363 0 932 333 919 300 945 366
907 283 859 386 2 881 335 853 282 908 389
894 277 847 379 2 869 329 842 277 896 381
783 477 617 428 2 698 448 612 415 784 481
779 501 610 450 2 694 475 607 445 780 505
731 501 678 485 0 1025 0 1025 0 1025 0
492 273 592 399 2 544 338 491 273 596 403
479 284 576 411 2 529 348 476 282 581 414
465 294 566 424 2 518 360 463 292 572 429
451 305 554 436 2 503 371 449 304 557 439
213 588 257 716 2 238 654 208 588 268 720
