814 149 942 194 2 878 174 811 148 944 201
801 161 932 208 2 865 185 799 160 931 211
795 176 924 224 2 860 201 794 174 926 228
758 297 902 351 2 831 325 756 293 905 358
777 324 896 368 2 837 347 777 324 896 371
761 335 891 384 2 828 361 760 334 896 388
734 364 877 419 2 803 394 734 365 872 423
738 386 870 437 2 804 412 735 385 872 439
731 401 862 453 2 798 429 731 401 865 457
356 347 416 476 2 388 410 354 346 421 475
312 364 372 493 2 345 430 311 364 379 496
174 576 123 446 2 147 510 118 443 176 578
43 747 55 604 2 49 676 36 603 62 749
874 750 912 520 1 895 635 859 521 930 750
499 580 500 648 3 502 619 494 586 509 652
490 586 488 657 3 488 619 482 586 494 652
478 582 476 651 3 476 617 470 585 482 649
