423 62 499 50 0 1025 0 1025 0 1025 0
338 82 253 95 0 295 90 248 76 341 105
489 82 414 96 0 1025 0 1025 0 1025 0
401 98 247 130 2 323 115 245 95 401 136
230 135 220 253 2 224 192 212 134 236 251
210 300 200 401 2 203 348 190 298 215 399
166 336 188 167 2 179 251 157 164 200 338
362 287 340 330 0 1025 0 1025 0 1025 0
467 149 463 196 0 1025 0 1025 0 1025 0
478 220 485 178 0 1025 0 1025 0 1025 0
610 160 587 140 0 1025 0 1025 0 1025 0
447 295 433 411 2 438 353 424 295 452 412
643 412 527 402 2 586 404 527 393 644 415
503 395 498 437 0 1025 0 1025 0 1025 0
930 479 788 460 0 860 471 789 454 931 489
727 224 648 222 0 1025 0 1025 0 1025 0
1007 488 943 479 0 1025 0 1025 0 1025 0
831 546 776 541 0 1025 0 1025 0 1025 0
825 553 778 552 0 1025 0 1025 0 1025 0
815 597 767 592 0 1025 0 1025 0 1025 0
810 620 765 616 0 1025 0 1025 0 1025 0
618 739 731 709 2 675 721 617 702 732 741
543 741 485 690 0 512 713 476 682 548 745
470 677 471 634 0 1025 0 1025 0 1025 0
488 576 485 618 0 1025 0 1025 0 1025 0
478 570 475 620 0 1025 0 1025 0 1025 0
