848 691 933 759 2 892 727 847 691 937 763
608 540 711 632 2 662 587 607 537 716 637
523 444 606 511 2 566 477 523 444 608 511
344 404 451 427 2 398 417 344 402 452 432
298 500 421 563 2 361 536 295 498 427 574
348 390 453 415 2 401 405 346 389 455 421
507 412 615 500 2 562 458 506 411 617 505
627 528 731 621 2 680 578 626 529 733 628
856 681 941 748 2 900 715 855 680 945 751
865 670 949 740 2 908 706 864 669 951 744
641 511 746 604 2 696 558 640 508 751 609
655 495 761 587 2 711 543 655 495 766 592
518 399 624 489 2 572 444 515 397 628 492
527 387 633 477 2 582 435 526 387 638 484
350 377 457 402 2 405 391 349 375 460 408
354 365 461 389 2 407 379 353 363 461 396
357 352 463 377 2 409 365 354 350 463 381
