801 277 966 288 2 882 284 798 269 966 300
798 303 961 318 2 881 310 796 297 966 324
795 327 960 342 2 879 336 795 322 962 351
787 355 948 367 2 866 361 784 349 948 374
600 273 762 279 2 680 277 597 268 762 286
598 292 759 298 2 681 294 598 286 763 303
600 310 760 315 2 680 312 597 304 763 321
636 330 759 331 2 700 329 636 322 763 337
469 546 628 517 2 550 526 466 502 633 550
412 366 529 310 2 474 336 413 306 535 366
422 378 538 322 2 481 349 421 319 541 379
430 391 544 337 2 489 364 428 336 549 393
436 408 549 351 2 495 377 434 346 555 409
