392 144 556 154 2 474 149 391 132 556 166
579 289 455 289 2 516 288 453 282 579 295
436 269 304 269 2 370 269 302 262 437 277
436 286 305 285 2 370 285 303 277 437 294
247 433 261 564 2 254 498 243 432 265 565
232 435 245 565 2 238 499 227 434 248 565
217 437 227 567 2 224 503 214 436 233 570
160 444 172 574 2 168 509 157 445 178 574
143 446 158 575 2 152 510 140 445 163 576
127 447 142 579 2 137 513 124 448 149 578
111 449 127 579 2 119 513 106 448 131 579
95 452 113 581 2 105 516 92 451 118 581
