699 90 553 88 2 625 89 549 78 700 100
508 43 343 39 2 427 40 345 31 508 49
509 60 346 58 2 428 58 345 50 511 67
544 83 338 76 2 442 81 338 68 546 94
299 231 322 360 2 312 297 298 231 326 363
288 232 304 361 2 300 299 287 234 312 364
277 234 289 363 2 285 297 274 232 296 363
190 226 201 377 2 197 301 188 225 206 377
178 229 183 381 2 182 304 175 228 188 380
161 229 167 379 2 164 304 155 228 173 380
85 259 115 385 2 101 323 82 259 119 387
74 262 100 390 2 88 325 70 262 106 388
59 264 83 391 2 74 328 58 262 89 394
