579 166 724 169 2 652 167 577 157 726 178
592 183 720 184 2 658 183 592 177 723 190
595 201 721 199 2 659 197 594 190 724 205
582 214 742 219 2 663 218 580 210 745 226
582 232 741 237 2 663 234 582 225 744 243
376 171 562 172 2 468 172 373 160 562 185
395 195 562 202 2 482 200 397 187 566 213
397 218 561 232 2 480 226 395 211 565 241
570 253 401 241 2 485 246 403 235 567 258
568 270 406 258 2 484 263 400 252 567 274
193 280 343 216 2 270 246 190 211 349 282
181 258 332 193 2 260 222 180 184 339 261
255 415 407 375 2 335 392 256 367 413 417
241 436 407 406 2 322 420 238 396 406 444
976 474 990 606 2 983 537 972 473 994 602
963 479 970 607 2 969 540 957 477 981 603
873 471 886 615 2 883 542 871 468 895 616
864 474 868 619 2 869 547 859 474 879 621
849 474 853 618 2 850 548 841 474 859 622
765 505 786 625 2 775 566 760 502 790 630
750 505 771 630 2 761 569 747 507 774 631
