742 304 582 342 2 661 326 579 302 743 351
430 522 592 529 2 513 523 430 513 595 534
427 538 591 546 2 510 542 426 532 593 552
428 556 594 564 2 510 560 426 550 594 570
428 571 592 580 2 509 577 425 568 592 586
418 526 256 516 2 335 519 251 505 419 534
418 553 251 544 2 334 545 249 531 419 559
415 579 247 570 2 333 573 250 561 416 586
223 570 70 571 2 147 569 71 556 222 582
243 244 232 117 2 238 180 227 117 248 244
231 240 215 118 2 223 178 211 118 234 239
219 240 198 121 2 208 181 194 121 221 241
