859 589 879 726 2 874 656 858 588 890 725
847 592 864 729 2 858 658 842 591 873 726
828 393 850 564 2 839 480 820 396 858 564
801 399 820 568 2 813 481 795 396 831 567
775 399 793 568 2 787 482 767 397 807 568
798 219 816 375 2 807 296 787 217 826 375
769 172 676 42 2 721 106 670 40 771 172
757 180 663 51 2 705 114 655 48 755 180
658 72 747 204 2 705 137 656 71 754 204
511 118 568 265 2 544 192 508 118 579 266
522 618 394 648 2 457 635 391 615 523 655
519 630 398 666 2 457 651 394 630 519 672
520 642 403 687 2 462 665 401 640 522 690
