820 352 841 517 2 833 435 811 352 854 518
710 563 690 442 2 698 501 683 439 712 564
704 416 681 288 2 691 352 675 287 706 417
687 417 667 294 2 676 355 661 291 690 419
512 256 385 291 2 449 276 385 257 512 295
509 243 383 277 2 446 262 381 243 510 281
505 229 379 259 2 441 245 377 226 505 265
488 177 365 208 2 428 194 364 175 491 213
485 162 364 193 2 423 179 361 160 485 199
482 145 359 180 2 418 165 355 145 481 186
476 132 353 166 2 416 149 353 130 478 169
472 117 352 154 2 411 137 349 115 472 159
