838 496 858 672 2 851 584 831 498 870 670
813 501 832 673 2 824 587 808 499 840 675
783 504 804 676 2 796 589 778 502 814 676
759 499 775 664 2 769 582 753 500 784 665
805 301 829 462 2 818 381 799 300 837 463
786 300 811 463 2 803 383 786 301 820 466
768 304 793 465 2 782 387 763 306 801 468
757 345 777 471 2 769 405 754 345 784 466
684 139 759 241 2 723 191 684 139 761 244
673 148 744 250 2 712 199 673 147 751 252
660 157 732 261 2 699 209 659 159 738 260
646 165 720 265 2 685 217 645 166 724 268
519 217 573 366 2 550 292 514 214 586 370
