235 45 347 42 2 292 42 233 33 347 55
239 70 340 71 2 291 73 239 63 340 81
245 93 344 95 2 294 95 243 85 346 105
383 562 279 576 2 332 570 277 559 384 583
412 580 280 597 2 341 589 279 576 412 604
755 502 934 491 2 843 500 754 481 937 522
866 670 967 667 2 920 668 867 658 972 678
868 691 970 685 2 919 690 868 679 972 697
787 332 913 324 2 848 329 784 315 912 343
819 248 922 261 2 873 258 817 244 924 271
793 211 921 220 2 861 217 792 202 924 231
778 199 931 186 2 853 193 775 180 930 205
