540 291 715 310 2 625 301 537 286 712 316
541 313 709 325 2 626 321 540 309 712 333
537 334 712 345 2 625 340 537 330 712 351
361 305 537 312 2 447 308 359 297 534 319
360 321 535 333 2 447 327 358 316 535 339
694 414 374 393 1 534 410 370 369 697 451
703 541 568 535 2 636 536 567 526 704 546
700 556 570 550 2 634 551 567 540 700 562
655 621 448 613 2 553 614 449 595 656 634
618 644 445 637 2 533 638 448 627 618 650
618 663 448 657 2 532 656 445 645 619 667
665 137 426 121 5 547 127 428 104 665 150
