179 606 218 743 2 203 674 177 605 228 744
677 721 589 648 2 633 684 584 646 681 723
481 568 572 639 2 528 605 480 567 575 643
372 476 465 553 2 418 516 367 475 468 558
251 381 347 459 2 300 422 248 380 352 464
594 566 742 685 1 669 626 587 558 750 695
456 466 555 545 2 507 507 454 464 559 551
413 434 376 404 0 1025 0 1025 0 1025 0
309 348 367 395 0 339 370 307 346 370 395
702 497 797 629 2 750 566 697 498 802 634
755 465 850 595 2 806 531 752 464 859 599
780 465 859 568 2 822 515 777 461 866 569
888 553 969 488 0 1025 0 1025 0 1025 0
669 283 772 202 2 724 239 668 195 780 284
713 181 671 123 0 1025 0 1025 0 1025 0
509 152 467 96 0 489 120 464 87 514 153
