751 429 896 454 2 824 444 748 425 899 463
895 508 749 490 2 820 497 745 479 894 515
699 613 889 596 1 794 604 695 576 892 632
742 678 870 660 2 807 668 739 655 874 682
719 679 604 689 2 663 684 605 673 720 695
474 707 593 693 2 533 699 472 687 594 711
339 723 459 707 2 400 715 338 702 461 728
252 629 188 533 2 222 581 188 532 255 631
365 386 238 367 2 303 375 238 358 367 393
264 354 339 363 0 303 375 238 358 367 393
28 314 148 329 2 89 325 27 313 150 338
222 269 161 310 0 192 288 156 263 227 314
149 185 144 235 0 1025 0 1025 0 1025 0
158 123 151 173 0 1025 0 1025 0 1025 0
233 35 187 29 0 1025 0 1025 0 1025 0
262 47 255 101 0 1025 0 1025 0 1025 0
654 84 640 207 0 646 147 631 84 660 210
