962 332 984 465 2 977 398 958 330 996 466
915 420 870 90 2 891 255 850 87 932 423
759 522 856 508 2 808 515 757 502 859 529
867 523 919 514 0 1025 0 1025 0 1025 0
636 333 605 97 2 616 213 584 91 647 336
654 390 666 484 2 662 436 646 387 678 486
633 542 501 562 2 568 553 500 538 635 568
431 362 455 537 2 445 452 422 363 467 541
423 306 398 134 2 411 218 391 130 431 306
371 312 347 137 2 358 224 340 135 376 313
378 364 402 541 2 392 454 371 366 412 543
204 567 178 373 2 188 470 165 372 211 568
168 301 144 129 2 156 215 136 127 176 304
54 105 101 418 5 79 264 44 102 113 426
