850 91 904 218 2 879 156 847 91 910 222
932 288 991 432 2 964 362 930 289 997 435
833 465 777 331 2 805 400 774 333 835 467
760 284 705 150 2 731 219 701 153 760 285
792 478 741 342 2 765 413 733 346 796 480
726 307 666 160 2 693 231 658 156 728 307
535 198 634 157 2 585 178 536 156 634 201
585 517 544 417 2 560 467 533 415 586 519
502 219 549 331 2 527 276 500 219 553 333
338 348 436 594 2 392 475 331 348 452 603
176 529 114 372 2 141 449 103 369 179 529
191 563 253 711 2 225 638 188 562 262 715
133 552 205 730 2 170 644 128 553 211 736
333 460 357 514 0 393 479 331 351 454 607
361 526 379 583 0 393 479 331 351 454 607
328 445 301 390 0 315 424 298 394 332 454
