927 183 807 100 2 864 142 801 100 926 185
762 138 888 229 2 828 188 759 139 896 238
604 28 718 110 2 662 71 602 27 721 115
623 236 492 145 2 555 189 486 141 624 238
471 180 587 261 2 531 223 470 180 592 267
367 317 468 390 2 418 355 365 316 470 394
535 437 637 507 2 587 474 533 436 641 513
471 441 610 540 2 544 496 470 443 617 549
344 345 444 420 2 394 384 343 344 444 424
247 468 309 382 2 279 425 245 381 312 470
398 600 499 667 2 450 637 396 599 503 676
366 622 466 691 2 418 660 365 622 470 698
