900 516 936 316 2 918 417 890 315 945 519
853 474 882 309 2 870 392 849 309 891 475
822 661 844 532 2 835 595 820 529 850 662
666 634 784 657 2 724 648 664 633 784 664
673 408 700 274 2 688 341 671 273 705 410
596 615 621 484 2 609 548 592 480 625 617
482 207 446 360 2 465 285 443 207 486 364
443 403 409 573 2 423 489 400 402 445 576
443 192 401 369 2 421 278 397 190 445 366
403 396 368 570 2 384 482 361 394 406 570
278 127 241 301 2 256 213 233 126 278 300
161 376 212 124 1 188 251 146 121 230 381
