856 248 717 190 2 783 216 710 184 856 249
566 173 441 124 2 503 147 438 118 568 177
681 226 838 289 2 762 261 682 225 841 297
798 439 841 331 2 822 384 796 330 847 439
628 402 790 466 2 709 437 625 400 792 474
771 514 613 447 2 689 481 606 445 772 517
388 355 546 420 2 466 390 385 354 547 427
618 393 388 295 1 504 343 383 280 625 406
546 617 705 682 2 626 653 546 616 706 691
520 663 684 730 2 603 703 521 663 685 744
340 530 497 597 2 422 567 340 528 503 607
488 651 316 582 2 400 611 310 570 490 652
