678 594 762 463 2 722 527 678 459 766 595
520 525 436 655 2 477 590 431 522 522 658
546 483 624 354 2 589 415 544 348 633 483
598 316 505 462 2 550 390 499 315 600 465
401 628 476 514 2 441 570 400 510 482 630
571 286 473 226 2 522 255 470 222 573 289
374 162 280 106 2 326 132 272 99 379 165
406 190 332 303 2 368 245 328 187 407 304
440 211 367 325 2 402 271 361 210 442 333
346 369 253 514 2 299 443 249 367 349 520
285 383 209 498 2 246 443 205 384 286 502
236 99 163 216 2 198 159 159 99 237 219
131 266 59 379 2 95 323 55 264 134 383
32 328 169 115 1 101 223 17 106 185 340
