817 110 873 240 2 845 174 814 109 876 240
888 264 942 387 4 923 324 888 259 957 390
876 379 765 108 2 815 241 747 103 883 379
873 453 763 499 2 818 476 762 451 874 502
676 379 724 487 2 701 435 672 381 730 490
670 347 594 157 2 628 247 579 147 676 348
619 366 535 171 2 572 265 523 163 621 367
556 586 666 543 2 611 565 555 540 666 590
512 594 451 435 2 479 514 445 433 512 595
430 391 373 249 2 397 319 363 247 430 392
389 405 331 259 2 355 333 321 259 388 408
213 441 155 300 2 182 369 148 297 215 441
156 465 97 322 2 124 393 90 321 158 466
238 496 298 643 2 270 570 235 496 305 645
