964 648 974 534 2 971 593 960 537 981 649
951 646 962 531 2 957 591 947 536 967 647
846 341 833 472 2 838 406 822 340 853 472
701 486 715 376 2 708 432 697 376 719 488
684 490 697 384 2 692 436 679 382 704 490
667 490 680 389 2 675 438 664 387 685 490
681 360 694 229 2 688 295 676 229 700 361
641 387 659 256 2 651 320 635 253 667 388
501 435 515 308 2 509 370 498 304 520 436
483 442 500 299 2 491 369 476 297 505 442
522 249 537 98 2 532 173 517 97 547 249
502 247 521 99 2 513 171 496 96 529 247
456 324 468 130 1 461 227 434 127 487 328
398 644 411 500 2 406 571 389 498 422 645
248 580 272 384 5 259 485 233 387 284 583
638 468 646 416 0 1025 0 1025 0 1025 0
736 681 731 741 0 1025 0 1025 0 1025 0
831 487 816 564 3 824 526 813 487 834 565
814 609 801 681 3 809 645 798 612 819 678
781 573 777 661 3 783 614 772 567 793 661
772 573 771 658 3 769 611 759 571 778 652
