790 308 777 436 2 782 372 766 306 798 438
441 415 458 263 2 452 340 438 264 466 417
427 390 444 261 2 436 325 423 259 448 391
450 221 470 60 2 461 141 443 60 478 222
418 178 431 70 2 425 124 414 69 436 179
402 183 419 53 2 411 118 398 53 424 183
387 179 404 51 2 398 115 385 48 410 182
397 398 402 345 0 1025 0 1025 0 1025 0
406 318 411 253 0 1025 0 1025 0 1025 0
387 398 394 345 0 1025 0 1025 0 1025 0
394 311 401 261 0 1025 0 1025 0 1025 0
377 395 384 339 0 1025 0 1025 0 1025 0
385 307 387 259 0 1025 0 1025 0 1025 0
350 568 359 468 2 355 519 343 468 367 570
342 711 346 655 0 1025 0 1025 0 1025 0
253 412 243 520 2 246 466 236 412 256 520
192 543 213 344 5 201 441 173 339 229 544
69 515 108 167 5 94 339 49 166 139 513
