429 309 603 306 1 516 304 428 288 603 320
920 304 816 306 2 867 307 815 299 919 315
970 323 809 329 2 891 324 809 312 973 336
619 321 748 319 2 682 319 618 312 746 326
618 333 745 332 2 683 333 618 326 747 340
811 363 960 361 2 886 362 811 354 960 370
808 380 943 380 2 875 378 807 371 943 386
635 368 761 366 2 699 365 636 355 762 376
631 386 757 384 2 694 385 630 378 758 393
623 401 757 401 2 690 401 622 393 757 409
692 496 838 490 2 768 492 693 481 842 503
694 514 843 511 2 768 512 693 501 843 523
854 545 729 547 2 790 544 726 535 853 553
874 563 726 568 2 800 565 726 555 874 575
552 703 619 702 3 585 702 549 693 621 711
460 673 543 673 3 495 672 449 663 540 682
512 573 576 576 3 546 573 509 565 583 582
512 589 585 592 3 549 588 509 580 588 597
525 600 579 600 3 554 599 519 591 588 607
636 552 702 549 3 671 548 637 541 705 555
