165 212 346 236 5 254 224 158 199 350 249
101 356 274 370 1 187 364 99 346 274 383
478 416 654 434 1 567 426 478 405 656 448
289 405 436 419 2 362 414 290 401 433 427
477 460 616 473 2 547 468 478 452 616 485
286 437 432 452 2 360 447 287 436 432 459
465 480 612 496 2 539 489 465 475 613 504
344 589 474 608 2 410 600 345 586 475 614
372 628 500 642 2 436 637 371 625 500 649
249 616 349 629 2 297 623 247 612 346 634
246 632 349 646 2 298 640 245 628 351 653
299 742 373 753 3 342 749 305 739 379 760
193 735 275 745 3 237 735 202 723 272 747
149 624 227 646 3 196 636 158 627 233 646
