573 168 764 187 1 668 177 570 154 766 200
267 116 405 129 2 336 123 266 109 405 137
649 216 791 232 2 721 226 648 212 794 240
645 234 789 253 2 717 244 644 231 790 258
460 197 600 211 2 530 204 459 191 600 217
467 215 594 229 2 529 223 466 212 592 234
512 348 638 363 2 577 358 512 346 642 370
540 387 663 403 2 602 394 539 383 664 406
417 376 511 386 2 463 382 414 372 511 392
416 392 516 404 2 467 399 416 388 518 410
419 406 521 420 2 472 413 419 403 524 424
557 546 432 532 2 496 539 434 526 558 553
266 648 370 659 2 319 652 266 642 372 663
265 660 369 670 2 316 667 262 659 369 676
344 517 406 531 3 380 526 344 514 416 538
236 510 302 520 3 268 513 235 504 301 523
