842 691 843 581 2 843 635 836 579 850 692
829 691 828 586 2 829 637 822 581 836 693
703 409 701 532 2 702 471 690 408 713 535
575 560 579 456 2 578 509 570 456 586 562
559 566 564 465 2 563 514 555 462 570 566
545 566 547 471 2 545 517 537 469 553 565
545 442 547 317 2 547 379 541 316 553 442
509 472 512 344 2 512 407 501 342 523 473
383 350 386 204 2 384 276 376 202 392 350
364 349 367 202 2 368 276 359 202 377 350
379 529 384 401 2 382 466 374 403 389 530
363 538 366 400 2 364 469 355 398 372 541
324 428 324 239 1 320 337 302 239 338 435
299 739 298 598 2 301 668 291 598 310 739
151 689 155 506 5 153 599 136 502 170 696
663 648 667 714 3 664 678 655 636 672 720
