847 307 970 331 2 907 319 845 304 969 334
844 321 967 343 2 907 335 846 320 967 350
848 337 947 357 2 898 348 846 336 950 361
476 246 573 264 2 525 256 476 243 573 270
804 365 956 396 2 882 381 803 362 960 401
643 333 769 357 2 704 347 641 332 766 362
618 345 760 371 2 691 361 618 342 763 380
700 687 577 667 2 639 675 576 657 701 693
702 131 511 99 5 607 114 511 85 703 144
621 637 697 655 3 659 646 621 634 697 658
589 639 517 625 3 557 631 523 621 591 642
481 649 561 666 3 521 655 484 645 558 666
