801 185 797 340 2 800 263 787 185 812 342
779 205 775 340 2 779 273 768 206 789 340
739 373 741 217 2 741 294 730 217 751 372
718 373 717 214 2 719 294 708 216 730 373
600 243 606 103 2 604 173 593 103 615 244
581 236 590 79 2 586 157 575 79 596 235
612 443 618 301 2 616 371 607 298 625 445
596 431 602 299 2 599 363 589 295 608 431
576 427 581 291 2 579 357 565 289 593 425
550 68 545 237 2 546 151 530 67 561 236
526 119 522 226 2 522 174 512 120 531 229
538 445 543 302 2 543 373 533 301 552 445
523 441 530 305 2 527 372 518 304 535 441
496 651 503 458 1 499 554 480 456 517 652
