144 497 65 672 2 99 587 50 495 148 678
248 230 303 88 2 276 159 244 87 308 231
305 235 358 98 2 334 166 304 96 364 235
290 221 341 94 2 317 156 289 90 345 222
419 242 492 54 2 459 147 417 49 501 244
481 247 533 111 2 509 177 480 107 539 247
465 235 514 108 2 492 171 465 106 519 236
185 432 157 488 0 0 769 0 769 0 769
192 416 134 392 0 0 769 0 769 0 769
69 359 124 386 0 0 769 0 769 0 769
118 265 92 322 0 0 769 0 769 0 769
401 537 338 694 2 365 617 327 537 403 697
501 291 415 508 1 460 398 402 283 519 513
