192 702 231 559 2 214 630 189 557 239 703
228 718 270 567 2 252 642 227 566 277 718
248 709 287 581 2 270 645 248 580 292 710
355 690 398 530 2 379 609 354 527 405 691
380 678 415 542 2 399 611 378 541 421 681
394 688 431 547 2 414 618 392 547 436 689
424 721 467 564 2 449 643 423 562 475 723
451 712 491 562 2 473 636 449 559 498 713
470 716 512 567 2 492 642 467 566 517 717
742 344 791 445 2 766 394 740 342 793 446
866 268 901 396 2 884 333 863 268 905 398
711 39 733 149 2 724 94 710 38 739 149
