420 521 231 512 2 327 518 231 502 423 533
765 520 937 533 2 852 527 765 514 939 540
792 503 923 512 2 858 508 791 499 925 516
784 486 923 494 2 855 490 784 480 926 500
744 443 970 450 2 857 447 743 432 971 461
721 330 874 346 2 800 339 720 325 880 353
726 311 880 326 2 804 321 726 309 883 332
712 293 877 304 2 794 301 710 289 878 312
716 256 870 262 2 792 259 715 249 870 269
703 234 873 240 2 787 237 702 225 873 249
719 212 872 216 2 795 214 718 204 873 223
170 214 426 240 1 299 228 168 196 431 259
722 540 465 527 1 593 537 464 512 723 561
