203 470 395 451 5 296 461 199 438 394 484
392 415 195 437 5 296 427 199 403 394 451
61 269 52 72 5 59 170 42 71 77 269
98 276 91 70 5 94 170 74 65 115 275
712 391 688 247 2 699 319 680 247 718 391
742 362 722 235 2 731 297 717 232 746 362
761 366 740 230 2 748 298 732 228 764 367
858 316 827 125 2 839 220 816 123 862 316
892 287 873 159 2 881 222 868 156 895 288
910 289 889 152 2 898 220 882 150 915 289
975 524 946 315 1 960 419 930 312 991 526
161 580 210 694 2 187 638 160 579 215 696
316 624 470 605 2 393 613 315 596 472 630
978 560 999 707 2 991 633 972 557 1010 709
