995 383 865 417 2 927 403 860 379 994 426
681 420 787 393 2 733 405 677 388 790 421
617 330 581 184 2 598 256 571 181 625 330
505 205 547 353 2 529 280 502 204 556 355
444 220 476 336 2 460 276 442 219 479 333
521 475 479 354 2 497 411 472 347 523 475
332 545 275 427 2 301 484 270 422 333 546
217 299 257 390 2 239 347 215 299 264 394
242 501 172 355 2 203 426 159 349 248 503
65 616 163 598 2 114 605 63 589 165 620
73 669 172 649 2 124 657 73 642 175 672
75 699 185 682 2 129 688 71 673 187 703
157 486 134 436 3 145 466 130 441 160 490
