88 615 53 433 2 67 522 40 428 95 615
164 599 140 461 2 150 530 132 461 168 599
98 283 134 435 2 117 359 92 282 143 436
450 531 411 415 2 427 473 401 412 453 533
336 219 390 366 2 368 295 334 216 403 373
442 283 510 468 2 479 377 434 282 525 471
594 403 627 463 0 610 432 591 394 630 469
670 162 547 172 2 608 169 546 154 671 183
665 96 543 108 2 604 103 543 88 665 118
666 58 528 67 2 597 63 528 50 667 76
546 273 517 211 3 527 242 511 213 544 271
576 370 546 307 3 559 339 541 307 577 370
586 369 561 304 3 570 344 555 312 586 376
