212 11 322 31 2 267 22 211 7 323 36
606 194 646 100 2 629 146 603 96 655 195
640 172 666 106 0 0 769 0 769 0 769
682 176 696 113 0 0 769 0 769 0 769
670 159 686 109 0 0 769 0 769 0 769
871 258 898 186 0 885 222 867 183 904 260
968 278 985 185 2 978 231 963 182 994 280
56 448 62 585 2 61 516 49 447 74 585
142 503 145 576 0 142 539 134 500 151 578
161 499 161 572 0 162 537 154 499 171 574
276 495 285 597 2 281 546 270 495 292 597
392 471 361 612 2 375 541 353 469 397 613
463 473 429 628 2 445 550 420 472 471 628
541 439 515 625 2 527 533 507 438 548 627
569 528 559 633 2 566 581 555 528 578 633
658 514 655 628 2 658 571 646 514 670 628
689 571 683 632 0 656 571 645 512 668 630
