211 620 83 575 2 147 595 81 568 214 621
224 608 93 561 2 160 584 94 558 226 609
230 593 101 545 2 165 568 99 541 231 595
267 472 123 418 2 194 444 120 411 269 476
248 445 129 401 2 188 422 129 398 248 445
264 434 134 385 2 197 408 129 381 265 435
291 405 148 350 2 222 375 153 346 291 404
287 383 155 332 2 221 357 153 330 290 384
294 368 163 316 2 227 340 160 312 294 368
669 422 609 293 2 637 359 604 294 671 423
713 405 653 276 2 680 339 646 273 714 405
851 193 902 323 2 878 259 849 191 907 326
982 22 970 165 2 976 93 963 20 989 166
151 19 113 249 1 130 134 95 19 166 248
526 189 525 121 3 523 150 516 117 531 183
535 183 537 112 3 537 150 531 117 543 183
547 187 549 118 3 549 152 543 120 555 184
