602 707 526 719 0 0 769 0 769 0 769
687 687 772 674 0 730 679 684 664 777 693
536 687 611 673 0 0 769 0 769 0 769
624 671 778 639 2 702 654 624 633 780 674
795 634 805 516 2 801 577 789 518 813 635
815 469 825 368 2 822 421 810 370 835 471
859 433 837 602 2 846 518 825 431 868 605
663 482 685 439 0 0 769 0 769 0 769
558 620 562 573 0 0 769 0 769 0 769
547 549 540 591 0 0 769 0 769 0 769
415 609 438 629 0 0 769 0 769 0 769
578 474 592 358 2 587 416 573 357 601 474
382 357 498 367 2 439 365 381 354 498 376
522 374 527 332 0 0 769 0 769 0 769
95 290 237 309 0 165 298 94 280 236 315
298 545 377 547 0 0 769 0 769 0 769
18 281 82 290 0 0 769 0 769 0 769
194 223 249 228 0 0 769 0 769 0 769
200 216 247 217 0 0 769 0 769 0 769
210 172 258 177 0 0 769 0 769 0 769
215 149 260 153 0 0 769 0 769 0 769
407 30 294 60 2 350 48 293 28 408 67
482 28 540 79 0 513 56 477 24 549 87
555 92 554 135 0 0 769 0 769 0 769
537 193 540 151 0 0 769 0 769 0 769
547 199 550 149 0 0 769 0 769 0 769
