177 78 92 10 2 133 42 88 6 178 78
417 229 314 137 2 363 182 309 132 418 232
502 325 419 258 2 459 292 417 258 502 325
681 365 574 342 2 627 352 573 337 681 367
727 269 604 206 2 664 233 598 195 730 271
677 379 572 354 2 624 364 570 348 679 380
518 357 410 269 2 463 311 408 264 519 358
398 241 294 148 2 345 191 292 141 399 240
169 88 84 21 2 125 54 80 18 170 89
160 99 76 29 2 117 63 74 25 161 100
384 258 279 165 2 329 211 274 160 385 261
370 274 264 182 2 314 226 259 177 370 274
507 370 401 280 2 453 325 397 277 510 372
498 382 392 292 2 443 334 387 285 499 382
675 392 568 367 2 620 378 565 361 676 394
671 404 564 380 2 618 390 564 373 672 406
668 417 562 392 2 616 404 562 388 671 419
