224 492 59 481 2 143 485 59 469 227 500
227 466 64 451 2 144 459 59 445 229 472
230 442 65 427 2 146 433 63 418 230 447
238 414 77 402 2 159 408 77 395 241 420
425 496 263 490 2 345 492 263 483 428 501
427 477 266 471 2 344 475 262 466 427 483
425 459 265 454 2 345 457 262 448 428 465
389 439 266 438 2 325 440 262 432 389 447
556 223 397 252 2 475 243 392 219 559 267
613 403 496 459 2 551 433 490 403 612 463
603 391 487 447 2 544 420 484 390 604 450
595 378 481 432 2 536 405 476 376 597 433
589 361 476 418 2 530 392 470 360 591 423
