633 625 469 615 2 551 620 469 603 634 637
446 480 570 480 2 509 481 446 474 572 487
589 500 721 500 2 655 500 588 492 723 507
589 483 720 484 2 655 484 588 475 722 492
778 336 764 205 2 771 271 760 204 782 337
793 334 780 204 2 787 270 777 204 798 335
808 332 798 202 2 801 266 792 199 811 333
865 325 853 195 2 857 260 847 195 868 324
882 323 867 194 2 873 259 862 193 885 324
898 322 883 190 2 888 256 876 191 901 321
914 320 898 190 2 906 256 894 190 919 321
930 317 912 188 2 920 253 907 188 933 318
