326 679 472 681 2 400 680 325 669 476 691
517 726 682 730 2 598 729 517 720 680 738
516 709 679 711 2 597 711 514 702 680 719
481 686 687 693 2 583 688 479 675 687 701
726 538 703 409 2 713 472 699 406 727 538
737 537 721 408 2 725 470 713 405 738 535
748 535 736 406 2 740 472 729 406 751 537
835 543 824 392 2 828 468 819 392 837 544
847 540 842 388 2 843 465 837 389 850 541
864 540 858 390 2 861 465 852 389 870 541
940 510 910 384 2 924 446 906 382 943 510
951 507 925 379 2 937 444 919 381 955 507
966 505 942 378 2 951 441 936 375 967 507
