446 603 301 600 2 373 602 299 591 448 612
433 586 305 585 2 367 586 302 579 433 592
430 568 304 570 2 366 572 301 564 431 579
443 555 283 550 2 362 551 280 543 445 559
443 537 284 532 2 362 535 281 526 443 544
649 598 463 597 2 557 597 463 584 652 609
630 574 463 567 2 543 569 459 556 628 582
628 551 464 537 2 545 543 460 528 630 558
455 516 624 528 2 540 523 458 511 622 534
457 499 619 511 2 541 506 458 495 625 517
832 489 682 553 2 755 523 676 487 835 558
844 511 693 576 2 765 547 686 508 845 585
770 354 618 394 2 690 377 612 352 769 402
784 333 618 363 2 703 349 619 325 787 373
49 295 35 163 2 42 232 31 167 53 296
62 290 55 162 2 56 229 44 166 68 292
152 298 139 154 2 142 227 130 153 154 301
161 295 157 150 2 156 222 146 148 166 295
176 295 172 151 2 175 221 166 147 184 295
260 264 239 144 2 250 203 235 139 265 267
275 264 254 139 2 264 200 251 138 278 262
