283 465 443 427 2 364 443 282 418 446 467
595 247 433 240 2 512 246 430 235 595 256
598 231 434 223 2 515 227 432 217 599 237
597 213 431 205 2 515 209 431 199 599 219
597 198 433 189 2 516 192 433 183 600 201
607 243 769 253 2 690 250 606 235 774 264
607 216 774 225 2 691 224 606 210 776 238
610 190 778 199 2 692 196 609 183 775 208
802 199 955 198 2 878 200 803 187 954 213
782 525 793 652 2 787 589 777 525 798 652
794 529 810 651 2 802 591 791 530 814 651
806 529 827 648 2 817 588 804 528 831 648
