166 180 146 43 2 151 113 135 44 167 181
178 177 161 40 2 167 111 152 43 183 178
197 376 175 205 2 186 289 167 205 205 373
224 370 205 201 2 212 288 194 202 230 373
250 370 232 201 2 238 287 218 201 258 372
227 550 209 394 2 218 473 199 394 238 552
256 597 349 727 2 304 663 254 597 355 729
268 589 362 718 2 320 655 270 589 370 721
367 697 278 565 2 320 632 271 565 369 698
514 651 457 504 2 481 577 446 503 517 651
503 151 631 121 2 568 134 502 114 634 154
506 139 627 103 2 568 118 506 97 631 139
505 127 622 82 2 563 104 503 79 624 129
