205 417 184 252 2 192 334 171 251 214 417
315 206 335 327 2 327 268 313 205 342 330
321 353 344 481 2 334 417 319 352 350 482
338 352 358 475 2 349 414 335 350 364 478
513 513 640 478 2 576 493 513 474 640 512
516 526 642 492 2 579 507 515 488 644 526
520 540 646 510 2 584 524 520 504 648 543
537 592 660 561 2 597 575 534 556 661 594
540 607 661 576 2 602 590 540 570 664 609
543 624 666 589 2 607 604 544 583 670 624
549 637 672 603 2 609 620 547 600 672 639
553 652 673 615 2 614 632 553 610 676 654
