187 273 167 97 2 174 185 155 99 194 271
212 268 193 96 2 201 182 185 94 217 270
242 265 221 93 2 229 180 211 93 247 267
266 270 250 105 2 256 187 241 104 272 269
220 468 196 307 2 207 388 188 306 226 469
239 469 214 306 2 222 386 205 303 239 468
257 465 232 304 2 243 382 224 301 262 463
268 424 248 298 2 256 364 241 303 271 424
341 630 266 528 2 302 578 264 525 341 630
352 621 281 519 2 313 570 274 517 352 622
365 612 293 508 2 326 560 287 509 366 610
379 604 305 504 2 340 552 301 501 380 603
506 552 452 403 2 475 477 439 399 511 555
