485 478 310 459 2 400 468 313 453 488 483
484 456 316 444 2 399 448 313 436 485 460
488 435 313 424 2 400 429 313 418 488 439
664 464 488 457 2 578 461 491 450 666 472
665 448 490 436 2 578 442 490 430 667 453
331 355 651 376 1 491 359 328 318 655 400
322 228 457 234 2 389 233 321 223 458 243
325 213 455 219 2 391 218 325 207 458 229
370 148 577 156 2 472 155 369 135 576 174
407 125 580 132 2 492 131 407 119 577 142
407 106 577 112 2 493 113 406 102 580 124
360 632 599 648 5 478 642 360 619 597 665
