846 163 807 26 2 822 95 797 25 848 164
348 48 436 121 2 392 85 344 46 441 123
544 201 453 130 2 497 164 450 126 545 202
653 293 560 216 2 607 253 557 211 658 294
774 388 678 310 2 725 347 673 305 777 389
431 203 283 84 1 356 143 275 74 438 211
569 303 470 224 2 518 262 466 218 571 305
612 335 649 365 0 0 769 0 769 0 769
716 421 658 374 0 686 399 655 374 718 423
323 272 228 140 2 275 203 223 135 328 271
270 304 175 174 2 219 238 166 170 273 305
245 304 166 201 2 203 254 159 200 248 308
137 216 56 281 0 0 769 0 769 0 769
356 486 253 567 2 301 530 245 485 357 574
312 588 354 646 0 0 769 0 769 0 769
516 617 558 673 0 536 649 511 616 561 682
