274 340 129 315 2 201 325 126 306 277 344
130 261 276 279 2 205 272 131 254 280 290
326 156 136 173 1 231 165 133 137 330 193
283 91 155 109 2 218 101 151 87 286 114
306 90 421 80 2 362 85 305 74 420 96
551 62 432 76 2 492 70 431 58 553 82
686 46 566 62 2 625 54 564 41 687 67
773 140 837 236 2 803 188 770 138 837 237
660 383 787 402 2 722 394 658 376 787 411
761 415 686 406 0 722 394 658 376 787 411
997 455 877 440 2 936 444 875 431 998 456
803 500 864 459 0 833 481 798 455 869 506
876 584 881 534 0 0 769 0 769 0 769
867 646 874 596 0 0 769 0 769 0 769
792 734 838 740 0 0 769 0 769 0 769
763 722 770 668 0 0 769 0 769 0 769
371 685 385 562 0 379 622 365 559 394 685
