63 437 41 304 2 48 371 29 303 67 439
110 349 155 679 2 134 514 93 346 175 682
266 247 169 261 2 217 254 166 240 268 267
158 246 106 255 0 0 769 0 769 0 769
389 436 420 672 2 409 556 378 433 441 678
371 379 359 285 2 363 333 347 283 379 382
392 227 524 207 2 457 216 390 201 525 231
594 407 570 232 2 580 317 558 228 603 406
602 463 627 635 2 614 551 594 463 634 639
654 457 678 632 2 667 545 649 456 685 634
647 405 623 228 2 633 315 613 226 654 403
821 202 847 396 2 837 299 814 201 860 397
857 468 881 640 2 869 554 849 465 889 642
971 664 924 351 5 946 505 912 343 981 667
