175 678 121 551 2 146 613 115 547 178 678
93 481 34 337 2 61 407 28 334 95 480
192 304 248 438 2 220 369 190 302 251 436
265 485 320 619 2 294 550 265 484 324 616
233 291 284 427 2 260 356 229 289 292 423
299 462 359 609 2 332 538 297 462 367 613
490 571 391 612 2 440 591 391 568 489 613
440 252 481 352 2 465 302 439 250 492 354
523 550 476 438 2 498 493 472 436 525 550
687 421 589 175 2 633 294 573 166 694 421
849 240 911 397 2 884 320 846 240 922 400
834 206 772 58 2 800 131 763 54 837 207
892 217 820 39 2 855 125 814 33 897 216
692 309 668 255 0 632 290 571 162 694 418
664 243 646 186 0 632 290 571 162 694 418
697 324 724 379 0 710 345 693 315 727 375
