125 253 89 453 2 107 352 80 250 135 454
172 295 143 460 2 155 377 134 294 176 460
203 108 181 237 2 190 174 175 107 205 240
359 135 241 112 2 301 121 241 105 361 136
352 361 325 495 2 337 428 320 359 354 496
429 154 404 285 2 416 221 400 152 433 289
543 562 579 409 2 560 484 539 405 582 562
582 366 616 196 2 602 280 580 193 625 367
582 577 624 400 2 604 491 580 403 628 579
622 373 657 199 2 641 287 619 199 664 375
747 642 784 468 2 769 556 747 469 792 643
864 393 813 645 1 837 518 795 388 879 648
