347 175 263 306 2 303 242 259 174 347 310
505 244 589 114 2 548 179 503 111 594 247
479 286 401 415 2 436 354 392 286 481 421
427 453 520 307 2 475 379 425 304 526 454
624 141 549 255 2 584 199 543 139 625 259
454 483 552 543 2 503 514 452 480 555 547
651 607 745 663 2 699 637 646 604 753 670
619 579 693 466 2 657 524 618 465 697 582
585 558 658 444 2 623 498 583 436 664 559
679 400 772 255 2 726 326 676 249 776 402
740 386 816 271 2 779 326 739 267 820 385
789 670 862 553 2 827 610 788 550 866 670
894 503 966 390 2 930 446 891 386 970 505
993 441 856 654 1 924 546 840 429 1008 663
