208 659 152 529 2 180 595 149 529 211 660
137 505 83 382 4 102 445 68 379 137 510
149 390 260 661 2 210 528 142 390 278 666
152 316 262 270 2 207 293 151 267 263 318
349 390 301 282 2 324 334 295 279 353 388
355 422 431 612 2 397 522 349 421 446 622
406 403 490 598 2 453 504 404 402 502 606
469 183 359 226 2 414 204 359 179 470 229
513 175 574 334 2 546 255 513 174 580 336
595 378 652 520 2 628 450 595 377 662 522
636 364 694 510 2 670 436 637 361 704 510
812 328 870 469 2 843 400 810 328 877 472
869 304 928 447 2 901 376 867 303 935 448
787 273 727 126 2 755 199 720 124 790 273
