211 149 83 194 2 148 176 81 148 214 201
224 161 93 208 2 160 186 94 160 226 211
230 176 101 224 2 162 202 99 174 231 228
267 297 123 351 2 195 326 120 293 269 358
248 324 129 368 2 188 349 129 324 248 371
264 335 134 384 2 196 363 129 334 265 388
291 364 148 419 2 222 393 153 365 291 423
287 386 155 437 2 223 412 153 385 290 439
294 401 163 453 2 227 434 160 401 294 457
669 347 609 476 2 639 412 604 346 671 475
713 364 653 493 2 679 432 646 364 714 496
851 576 902 446 2 875 512 849 443 907 578
982 747 970 604 2 976 672 963 603 989 749
151 750 113 520 1 131 636 95 521 166 750
526 580 525 648 3 524 619 516 586 531 652
535 586 537 657 3 537 619 531 586 543 652
547 582 549 651 3 549 617 543 585 555 649
