61 121 51 235 2 54 176 44 120 65 232
74 123 63 238 2 68 178 58 122 78 233
179 428 192 297 2 187 363 172 297 203 429
324 283 310 393 2 317 337 306 281 328 393
341 279 328 385 2 333 333 321 279 346 387
358 279 345 380 2 350 331 340 279 361 382
344 409 331 540 2 337 474 325 408 349 540
384 382 366 513 2 374 449 358 381 390 516
524 334 510 461 2 516 399 505 333 527 465
542 327 525 470 2 534 400 520 327 549 472
503 520 488 671 2 493 596 478 520 508 672
523 522 504 670 2 512 598 496 522 529 673
569 445 557 639 1 564 542 538 441 591 642
627 125 614 269 2 619 198 603 124 636 271
777 189 753 385 5 766 284 741 186 792 382
387 301 379 353 0 0 769 0 769 0 769
289 88 294 28 0 0 769 0 769 0 769
194 282 209 205 3 201 243 191 204 212 282
211 160 224 88 3 216 124 206 91 227 157
244 196 248 108 3 242 155 232 108 253 202
253 196 254 111 3 256 158 247 117 266 198
