235 461 248 333 2 243 397 227 331 259 463
584 354 567 506 2 573 429 559 352 587 505
598 379 581 508 2 589 444 577 378 602 510
575 548 555 709 2 564 628 547 547 582 709
607 591 594 699 2 600 645 589 590 611 700
623 586 606 716 2 614 651 601 586 627 716
638 590 621 718 2 627 654 615 587 640 721
628 371 623 424 0 0 769 0 769 0 769
619 451 614 516 0 0 769 0 769 0 769
638 371 631 424 0 0 769 0 769 0 769
631 458 624 508 0 0 769 0 769 0 769
648 374 641 430 0 0 769 0 769 0 769
640 462 638 510 0 0 769 0 769 0 769
675 201 666 301 2 670 250 658 199 682 301
683 58 679 114 0 0 769 0 769 0 769
772 357 782 249 2 779 303 769 249 789 357
833 226 812 425 5 824 328 796 225 852 430
956 254 917 602 5 931 430 886 256 976 603
