596 460 422 463 1 509 465 422 449 597 481
105 465 209 463 2 158 462 106 454 210 470
55 446 216 440 2 134 445 52 433 216 457
406 448 277 450 2 343 450 279 443 407 457
407 436 280 437 2 342 436 278 429 407 443
214 406 65 408 2 139 407 65 399 214 415
217 389 82 389 2 150 391 82 383 218 398
390 401 264 403 2 326 404 263 393 389 414
394 383 268 385 2 331 384 267 376 395 391
402 368 268 368 2 335 368 268 360 403 376
333 273 187 279 2 257 277 183 266 332 288
331 255 182 258 2 257 257 182 246 332 268
171 224 296 222 2 235 225 172 216 299 234
151 206 299 201 2 225 204 151 194 299 214
473 66 406 67 3 440 67 404 58 476 76
565 96 482 96 3 530 97 485 87 576 106
513 196 449 193 3 479 196 442 187 516 204
513 180 440 177 3 476 181 437 172 516 189
500 169 446 169 3 471 170 437 162 506 178
389 217 323 220 3 354 221 320 214 388 228
