860 557 679 533 5 771 545 675 520 867 570
924 413 751 399 1 838 405 751 386 926 423
547 353 371 335 1 458 343 369 321 547 364
736 364 589 350 2 663 355 592 342 735 368
548 309 409 296 2 478 301 409 284 547 317
739 332 593 317 2 665 322 593 310 738 333
560 289 413 273 2 486 280 412 265 560 294
681 180 551 161 2 615 169 550 155 680 183
653 141 525 127 2 589 132 525 120 654 144
776 153 676 140 2 728 146 679 135 778 157
779 137 676 123 2 727 129 674 116 780 141
726 27 652 16 3 683 20 646 9 720 30
832 34 750 24 3 788 34 753 22 823 46
876 145 798 123 3 829 133 792 123 867 142
