452 601 261 582 1 357 592 259 569 455 615
758 653 620 640 2 689 646 620 632 759 660
376 553 234 537 2 304 543 231 529 377 557
380 535 236 516 2 308 525 235 511 381 538
565 572 425 558 2 495 565 425 552 566 578
558 554 431 540 2 496 546 433 535 559 557
513 421 387 406 2 448 411 383 399 513 423
485 382 362 366 2 423 375 361 363 486 386
608 393 514 383 2 562 387 514 377 611 397
609 377 509 365 2 558 370 507 359 609 381
606 363 504 349 2 553 356 501 345 606 366
468 223 593 237 2 529 230 467 216 591 243
759 121 655 110 2 706 117 653 106 759 127
760 109 656 99 2 709 102 656 93 763 110
681 252 619 238 3 645 243 609 231 681 255
789 259 723 249 3 757 256 724 246 790 265
