183 78 182 188 2 182 134 175 77 189 190
196 78 197 183 2 196 132 189 76 203 188
322 360 324 237 2 323 298 312 234 335 361
450 209 446 313 2 447 260 439 207 455 313
466 203 461 304 2 462 255 455 203 470 307
480 203 478 298 2 480 252 472 204 488 300
480 327 478 452 2 478 390 472 327 484 453
516 297 513 425 2 513 362 502 296 524 427
642 419 639 565 2 641 493 633 419 649 567
661 420 658 567 2 657 493 648 419 666 567
646 240 641 368 2 643 303 636 239 651 366
662 231 659 369 2 661 300 653 228 670 371
701 341 701 530 1 705 432 687 334 723 530
726 30 727 171 2 724 101 715 30 734 171
874 80 870 263 5 872 170 855 73 889 267
362 121 358 55 3 361 91 353 49 370 133
