224 584 228 429 2 225 506 213 427 238 584
246 564 250 429 2 246 496 236 429 257 563
286 396 284 552 2 284 475 274 397 295 552
307 396 308 555 2 306 475 295 396 317 553
425 526 419 666 2 421 596 410 525 432 666
444 533 435 690 2 439 612 429 534 450 690
413 326 407 468 2 409 398 400 324 418 471
429 338 423 470 2 426 406 417 338 436 474
449 342 444 478 2 446 412 432 344 460 480
475 701 480 532 2 479 618 464 533 495 702
499 650 503 543 2 503 595 494 540 513 649
487 324 482 467 2 482 396 473 324 492 468
502 328 495 464 2 498 397 490 328 507 465
529 118 522 311 1 526 215 508 117 545 313
