202 290 136 143 2 165 215 124 138 206 292
290 514 336 634 2 313 574 287 514 340 634
338 510 382 625 2 362 569 337 510 387 627
325 522 368 629 2 348 577 324 521 371 632
434 504 495 662 2 467 585 432 503 502 666
486 500 529 614 2 510 559 485 500 534 618
472 510 513 617 2 495 564 472 509 518 619
237 345 213 298 0 82 62 82 62 82 62
243 358 194 378 0 82 62 82 62 82 62
139 406 186 383 0 82 62 82 62 82 62
181 485 159 437 0 82 62 82 62 82 62
418 256 365 125 2 388 189 356 122 420 256
502 463 430 281 1 468 373 419 277 518 470
