402 221 176 232 2 291 225 176 207 406 244
815 222 1021 207 2 919 214 815 199 1023 230
847 243 1004 232 2 926 237 846 227 1006 248
838 263 1004 254 2 923 258 838 246 1008 270
790 315 1060 306 2 925 310 789 293 1062 328
762 450 945 431 2 857 439 761 422 953 456
768 473 953 455 2 862 461 768 447 956 475
752 494 949 481 2 850 485 749 471 950 499
756 538 941 531 2 848 535 755 523 941 547
741 565 944 558 2 842 561 740 547 944 576
760 591 943 586 2 851 589 759 578 944 601
103 589 409 558 1 258 573 101 535 415 610
764 199 456 214 1 610 203 455 173 765 232
