263 316 418 331 5 339 323 260 304 417 341
416 360 257 342 5 339 350 260 331 417 370
149 478 141 636 5 147 557 133 478 162 637
179 472 173 638 5 176 557 159 473 192 642
674 379 654 495 2 663 437 648 379 678 495
698 403 682 505 2 689 455 678 403 701 507
713 399 696 509 2 703 455 690 399 715 511
791 440 766 594 2 776 518 757 440 794 595
819 463 803 566 2 810 516 799 462 821 569
833 461 816 572 2 824 518 811 461 837 574
886 272 862 441 1 874 357 849 270 898 443
229 227 269 135 2 251 181 228 133 273 228
354 191 478 207 2 417 200 353 187 480 214
888 243 905 124 2 898 184 883 123 914 245
