1056 386 910 348 2 980 364 904 338 1055 391
703 345 822 375 2 762 362 698 343 825 381
630 446 590 610 2 609 530 579 446 639 614
504 587 552 420 2 531 503 501 418 562 588
436 570 472 439 2 454 507 433 443 475 571
522 283 475 419 2 496 355 467 283 525 427
309 204 245 337 2 275 272 240 203 311 342
180 481 225 378 2 205 427 178 374 233 481
208 253 129 418 2 165 338 115 251 215 425
9 124 119 144 2 64 137 6 119 121 154
18 64 129 87 2 75 78 18 61 133 95
20 30 144 49 2 81 43 15 26 146 60
112 270 86 327 3 99 293 82 266 116 321
