30 123 -8 330 2 7 229 -23 123 38 336
117 142 89 298 2 101 220 80 142 121 298
42 500 83 328 2 64 414 35 327 93 501
441 219 397 350 2 415 285 386 216 445 354
312 573 373 406 2 349 487 310 398 388 576
432 500 510 290 2 475 394 423 287 527 501
605 364 642 296 0 624 332 601 289 646 374
691 638 552 626 2 621 630 550 614 692 647
685 713 547 699 2 616 705 547 688 685 722
687 756 530 745 2 609 750 530 735 688 765
550 512 517 582 3 529 547 511 514 548 580
584 401 550 473 3 565 437 545 401 586 473
596 403 567 476 3 578 431 561 395 596 467
