178 800 300 778 2 239 788 177 772 302 805
616 597 661 701 2 642 651 613 596 671 706
654 621 683 694 0 -57 -42 -57 -42 -57 -42
701 617 716 687 0 -57 -42 -57 -42 -57 -42
687 636 705 691 0 -57 -42 -57 -42 -57 -42
911 526 941 606 0 927 566 906 523 947 609
1019 503 1037 607 2 1030 556 1013 501 1047 610
5 314 11 162 2 11 239 -2 162 25 315
100 253 104 172 0 101 213 91 170 110 257
121 258 121 176 0 123 216 114 174 133 258
249 262 259 149 2 255 205 243 149 267 262
378 289 344 132 2 359 211 335 131 384 291
457 287 419 114 2 438 201 409 114 466 288
544 324 515 118 2 529 220 506 115 552 325
575 225 564 109 2 572 167 559 109 585 225
674 241 671 114 2 674 178 661 114 687 241
708 178 702 110 0 672 178 659 112 685 243
