301 118 244 164 0 -30 -22 -30 -22 -30 -22
329 129 233 226 2 279 178 226 127 332 229
383 179 477 276 2 432 228 382 178 482 279
474 292 378 389 2 426 342 376 290 476 395
642 452 519 509 2 580 482 517 451 644 514
692 558 574 616 2 632 588 572 557 692 619
806 608 647 678 2 726 645 644 606 809 684
571 727 624 703 0 -30 -22 -30 -22 -30 -22
639 739 592 761 0 -30 -22 -30 -22 -30 -22
678 724 804 667 2 743 694 678 660 808 727
577 185 611 229 8 610 223 573 187 647 258
729 340 790 406 8 776 382 729 336 824 428
