169 117 24 168 2 97 146 22 116 173 176
184 131 35 184 2 111 158 36 129 186 187
191 148 44 202 2 117 176 42 145 192 207
233 285 69 347 2 151 318 66 281 235 355
211 316 76 366 2 144 343 76 316 211 369
230 328 82 384 2 153 358 76 327 231 389
260 361 98 424 2 182 395 103 363 260 428
256 386 106 444 2 181 416 103 385 259 447
264 403 115 463 2 188 435 111 403 264 467
690 342 622 489 2 654 414 616 341 692 488
740 361 672 508 2 703 436 664 361 741 511
897 602 955 455 2 928 528 895 451 961 605
1046 797 1032 634 2 1039 716 1024 633 1054 799
101 800 58 539 1 78 670 38 540 118 800
528 607 526 684 3 525 651 516 614 533 689
538 614 540 695 3 540 651 533 614 547 689
551 609 554 688 3 554 649 547 613 561 685
