597 81 525 70 0 30 23 30 23 30 23
677 100 757 112 0 718 108 674 94 761 121
534 100 605 113 0 30 23 30 23 30 23
617 115 762 145 2 691 131 617 112 764 151
778 150 788 261 2 784 204 773 149 795 259
797 305 807 400 2 804 351 793 303 816 398
839 339 818 180 2 827 259 807 177 847 341
654 293 675 333 0 30 23 30 23 30 23
555 163 559 207 0 30 23 30 23 30 23
545 230 538 190 0 30 23 30 23 30 23
420 173 442 154 0 30 23 30 23 30 23
574 300 587 410 2 583 356 569 300 596 411
389 411 499 401 2 444 403 388 393 499 413
521 395 526 434 0 30 23 30 23 30 23
119 474 253 456 0 185 467 118 450 252 483
310 234 385 232 0 30 23 30 23 30 23
46 482 107 474 0 30 23 30 23 30 23
212 537 264 532 0 30 23 30 23 30 23
218 543 262 543 0 30 23 30 23 30 23
227 585 273 580 0 30 23 30 23 30 23
232 607 274 603 0 30 23 30 23 30 23
413 719 306 690 2 360 702 306 684 414 721
484 721 538 673 0 513 695 479 665 547 724
552 660 551 620 0 30 23 30 23 30 23
535 565 538 605 0 30 23 30 23 30 23
545 559 548 607 0 30 23 30 23 30 23
