124 740 25 818 2 73 781 21 740 125 823
402 565 283 671 2 340 619 277 561 403 677
501 453 404 531 2 451 492 402 453 501 531
708 407 584 434 2 645 422 583 405 708 439
761 518 619 591 2 688 560 612 516 765 604
703 391 582 420 2 643 408 579 389 706 427
519 416 394 518 2 456 469 392 415 520 524
380 551 259 658 2 319 609 257 552 381 667
114 728 16 806 2 63 768 11 727 116 809
104 715 7 796 2 55 758 4 714 105 801
364 531 242 639 2 301 586 236 527 365 645
347 512 225 619 2 283 569 219 512 347 625
506 401 383 505 2 444 454 379 399 510 509
496 387 373 492 2 432 443 367 387 497 500
701 376 577 405 2 638 392 574 373 702 412
696 362 572 389 2 635 378 572 359 698 398
693 347 570 376 2 633 362 570 344 696 380
