175 259 -17 272 2 80 268 -17 250 178 286
178 289 -12 307 2 81 298 -17 282 181 314
182 317 -10 335 2 84 329 -13 312 182 346
191 350 3 364 2 99 358 3 343 195 372
410 254 221 261 2 317 259 221 248 414 269
413 276 224 283 2 316 279 219 269 413 289
410 298 223 303 2 317 300 219 291 414 310
368 321 224 322 2 294 320 219 312 368 329
564 574 377 540 2 469 551 372 522 567 579
630 363 493 298 2 558 328 486 293 629 363
619 377 483 312 2 550 343 479 308 620 378
609 392 476 329 2 541 361 470 328 612 395
602 412 470 346 2 534 377 463 340 605 413
