642 126 465 137 2 554 132 465 113 643 150
441 282 574 282 2 508 281 441 274 576 288
594 261 736 261 2 666 261 593 253 738 269
594 279 735 278 2 665 278 593 269 737 287
797 437 782 577 2 790 507 778 436 802 579
813 439 800 579 2 808 508 796 438 819 579
830 441 819 581 2 823 512 812 440 833 584
891 449 878 588 2 883 519 872 450 894 588
909 451 893 589 2 900 520 888 450 912 590
926 452 910 594 2 916 523 903 453 930 592
943 454 926 594 2 935 523 922 453 949 594
961 457 941 596 2 950 526 936 456 964 596
