289 31 464 29 2 378 30 288 17 469 43
518 -24 716 -29 2 616 -28 518 -38 713 -17
517 -4 712 -6 2 614 -5 514 -16 713 4
475 23 722 15 2 597 21 472 5 722 36
768 200 741 355 2 753 279 736 200 770 358
782 201 762 356 2 768 282 753 204 783 360
795 204 780 358 2 785 280 772 201 798 358
899 194 886 375 2 891 284 880 193 901 375
913 198 907 380 2 909 288 901 197 917 379
934 198 927 378 2 930 288 919 197 941 379
1025 234 989 385 2 1006 311 984 234 1028 387
1038 237 1007 391 2 1021 313 1000 237 1043 388
1056 240 1027 392 2 1039 317 1020 237 1057 396
