458 206 340 209 2 399 208 339 199 460 216
448 220 343 221 2 394 221 341 215 448 226
445 235 343 233 2 393 232 340 226 446 238
456 245 326 250 2 390 249 323 242 457 255
456 260 326 264 2 390 262 324 254 456 269
623 211 472 211 2 549 212 472 202 626 222
608 230 472 236 2 537 234 469 224 606 245
606 249 473 260 2 539 255 469 243 608 267
465 277 603 267 2 535 272 468 263 601 281
467 291 599 281 2 536 285 468 276 604 294
772 299 650 247 2 710 272 645 243 774 301
782 281 659 228 2 718 252 653 221 783 284
722 409 598 376 2 657 390 593 370 721 411
733 426 598 402 2 667 413 599 393 735 432
135 457 124 564 2 130 509 121 456 139 561
146 461 140 565 2 141 511 131 459 151 562
219 454 209 572 2 211 512 201 452 221 572
226 457 223 575 2 222 517 214 457 230 576
239 457 235 574 2 238 517 230 457 245 577
307 482 290 580 2 299 532 287 480 311 584
319 482 302 584 2 311 534 300 484 322 585
