269 299 438 339 2 355 323 268 297 442 349
600 530 428 538 2 512 532 425 521 600 543
603 547 429 556 2 515 551 427 541 604 562
602 566 426 575 2 515 570 426 560 604 581
602 582 428 592 2 516 588 428 579 605 598
612 534 784 524 2 700 527 611 512 789 543
612 563 789 553 2 701 555 611 540 792 569
615 591 794 581 2 702 585 614 572 790 598
819 581 981 582 2 900 580 820 566 980 594
798 235 810 101 2 804 168 793 101 815 235
811 231 828 102 2 820 166 807 102 832 230
823 231 846 105 2 836 168 821 105 850 232
