114 619 91 777 2 97 697 79 618 115 776
128 623 108 780 2 116 699 98 622 134 777
150 394 125 591 2 137 494 115 398 159 591
181 401 159 595 2 167 496 146 398 188 594
211 401 190 595 2 197 497 174 399 220 595
184 194 164 373 2 175 283 152 192 197 373
218 140 325 -8 2 273 64 215 -11 331 140
231 149 339 1 2 291 73 234 -1 349 149
345 25 243 177 2 291 100 235 24 347 177
514 78 449 247 2 477 163 436 78 518 248
501 653 649 687 2 576 672 500 649 652 695
505 666 644 708 2 577 691 505 666 649 715
504 680 638 732 2 571 707 501 678 640 735
