172 348 148 531 2 158 440 134 348 182 532
293 582 316 448 2 307 514 291 445 323 583
300 419 325 277 2 315 348 298 276 332 420
319 420 341 284 2 332 352 316 281 348 423
513 242 653 281 2 583 264 513 243 653 285
516 228 656 265 2 586 249 515 228 658 270
520 212 660 245 2 591 230 520 209 662 252
539 155 675 189 2 606 173 536 152 677 194
543 138 677 172 2 611 157 543 136 680 179
546 119 682 158 2 617 142 547 119 687 164
553 105 689 142 2 620 124 550 102 689 146
557 88 690 129 2 625 110 557 86 693 135
