167 503 146 690 2 154 597 133 505 174 688
194 508 173 691 2 182 600 165 506 199 693
225 512 203 694 2 212 602 193 510 231 694
251 506 234 682 2 241 595 224 507 257 683
202 296 177 467 2 188 382 168 295 208 468
222 295 196 468 2 204 384 186 296 222 471
241 299 215 470 2 227 387 206 301 247 473
253 343 232 477 2 240 407 224 343 256 471
331 124 251 232 2 290 180 249 124 331 236
342 134 267 242 2 301 188 259 133 342 244
356 143 280 254 2 315 199 273 145 357 253
371 152 292 258 2 330 207 288 153 372 261
506 207 448 365 2 473 287 435 204 511 369
