484 290 306 309 2 398 300 309 285 487 315
483 312 312 324 2 397 320 309 308 484 332
487 334 309 345 2 398 340 309 329 487 351
666 304 487 311 2 579 307 490 296 668 318
667 320 489 332 2 579 327 489 315 670 339
327 415 653 394 1 491 411 324 369 657 453
318 544 456 538 2 387 539 317 529 457 549
321 560 454 553 2 389 554 321 543 457 566
367 626 578 618 2 472 619 366 599 577 639
405 649 581 642 2 491 643 405 632 578 655
405 668 578 662 2 492 661 404 650 581 673
357 133 600 117 5 478 123 357 99 598 146
