837 600 799 734 2 814 667 789 599 839 735
352 712 438 641 2 396 677 348 639 443 714
543 563 454 632 2 498 599 451 562 544 636
649 474 559 549 2 605 513 556 473 654 554
767 381 673 457 2 719 421 669 380 770 462
433 561 289 677 1 360 620 281 554 440 687
567 464 471 541 2 518 504 467 462 569 547
609 433 645 404 0 14 11 14 11 14 11
710 349 654 395 0 682 371 651 347 712 395
328 494 235 623 2 282 561 231 495 333 628
276 463 184 590 2 227 528 175 462 279 594
252 463 175 563 2 212 512 168 459 255 564
147 549 68 485 0 14 11 14 11 14 11
360 286 260 207 2 306 244 252 200 361 287
317 187 358 130 0 14 11 14 11 14 11
516 158 557 104 0 535 127 511 95 560 159
