279 428 136 452 2 207 443 133 424 282 461
137 506 281 488 2 211 495 138 477 285 512
330 609 143 592 1 237 600 140 572 334 627
288 673 162 655 2 224 663 158 650 290 676
310 674 423 683 2 366 678 309 668 422 689
551 701 434 687 2 493 693 433 681 553 705
683 717 566 701 2 624 709 564 696 684 722
769 624 832 530 2 799 578 766 529 832 626
658 386 783 367 2 719 375 656 358 783 393
757 354 683 363 0 719 375 656 358 783 393
989 315 871 330 2 929 326 869 314 990 339
798 271 858 311 0 828 290 793 265 863 315
870 188 875 237 0 10 7 10 7 10 7
861 127 868 176 0 10 7 10 7 10 7
788 41 833 35 0 10 7 10 7 10 7
759 53 766 106 0 10 7 10 7 10 7
374 89 388 210 0 382 151 368 89 397 213
