-6 324 -31 477 2 -23 400 -45 321 -1 478
47 425 99 44 2 75 235 28 41 123 429
228 543 116 527 2 171 536 112 520 230 551
103 544 43 534 0 -79 -59 -79 -59 -79 -59
370 325 405 52 2 393 187 357 46 430 328
349 391 335 499 2 340 444 321 387 358 502
373 566 525 589 2 449 579 371 562 527 596
606 358 578 560 2 591 462 565 360 617 565
615 294 644 95 2 629 192 606 91 652 294
675 301 703 99 2 690 199 670 96 711 302
667 361 640 565 2 652 465 628 363 675 567
868 595 898 371 2 887 483 860 370 913 596
910 288 937 89 2 924 189 901 87 947 291
1041 62 987 423 5 1013 245 973 58 1053 432
