206 117 157 233 2 180 177 151 117 208 236
131 296 77 427 2 102 364 72 297 133 430
221 457 272 336 2 247 398 219 337 275 459
288 293 338 171 2 314 234 288 174 341 294
258 469 305 346 2 283 410 255 349 312 471
318 314 373 180 2 348 245 317 176 380 314
492 215 402 177 2 447 197 402 176 491 217
447 505 484 414 2 470 459 446 412 494 507
522 234 479 336 2 500 286 476 234 524 337
671 351 582 575 2 623 467 568 351 678 583
819 516 875 373 2 850 443 816 370 885 516
805 547 749 681 2 774 615 740 546 808 685
858 537 792 698 2 825 621 787 537 862 704
676 453 654 502 0 622 470 566 354 678 587
650 513 634 565 0 622 470 566 354 678 587
680 439 705 389 0 692 420 677 393 708 447
