97 525 58 311 2 78 419 48 310 107 529
147 480 116 303 2 129 392 106 303 151 481
180 681 157 543 2 166 611 150 539 183 682
348 652 221 677 2 286 668 221 651 350 684
340 409 311 266 2 324 338 306 265 343 412
423 632 396 491 2 410 560 392 487 427 634
545 194 584 358 2 564 278 541 194 587 362
587 404 624 587 2 609 496 585 403 633 590
587 178 632 368 2 611 270 585 175 637 364
630 397 668 583 2 651 489 627 394 675 583
764 108 804 295 2 789 200 764 107 813 294
890 375 835 105 1 861 241 816 101 906 381
