105 223 270 154 2 192 186 105 147 278 224
449 134 598 76 2 524 104 447 69 601 139
313 197 126 272 2 217 238 123 196 312 281
174 450 123 321 2 146 385 116 320 176 450
376 406 183 482 2 280 447 181 403 379 491
206 539 394 459 2 303 500 205 457 402 542
661 350 473 427 2 568 392 472 349 664 435
388 395 661 279 1 523 336 379 261 667 410
473 661 284 738 2 378 704 283 660 473 749
504 716 309 795 2 405 764 308 716 503 812
718 558 531 637 2 621 602 524 555 718 649
542 701 746 619 2 646 654 540 605 753 703
