348 592 265 462 2 304 526 261 458 348 593
505 524 588 653 2 548 588 503 521 593 656
479 482 402 354 2 437 415 393 348 481 482
428 316 520 461 2 476 390 426 315 526 464
623 626 549 513 2 583 569 543 509 624 628
454 287 552 227 2 504 256 452 223 555 290
650 163 743 108 2 698 134 645 101 751 166
618 191 692 303 2 656 246 617 188 696 304
584 212 657 325 2 623 272 582 211 663 333
678 369 770 513 2 724 443 675 367 774 519
738 383 814 497 2 778 442 737 384 818 501
787 101 860 217 2 825 160 786 101 864 220
891 267 963 379 2 928 324 888 265 967 383
990 328 854 117 1 921 224 838 108 1005 340
