213 115 158 242 2 185 178 155 114 216 242
143 266 90 387 4 109 325 75 261 143 390
155 379 264 113 2 215 243 148 108 282 379
158 452 266 497 2 212 475 157 450 267 500
351 379 304 485 2 327 435 298 381 355 488
357 348 432 161 2 399 250 351 151 447 349
408 366 490 175 2 454 267 406 167 502 367
469 582 361 540 2 416 562 361 537 470 586
513 590 573 434 2 546 512 513 432 579 591
593 391 649 251 2 626 321 593 249 659 392
634 405 691 261 2 667 334 635 261 700 407
807 440 864 301 2 837 369 805 298 870 440
863 463 921 323 2 894 393 861 322 927 464
782 494 723 638 2 751 567 716 494 785 640
