106 622 96 519 2 100 572 90 522 109 623
117 620 107 516 2 112 571 103 521 121 621
212 345 224 463 2 220 404 206 344 234 463
343 476 330 377 2 336 427 326 377 346 478
358 479 346 384 2 351 431 340 382 363 479
373 479 362 388 2 367 433 357 386 376 479
361 362 349 244 2 354 304 344 244 365 363
397 386 381 268 2 388 327 373 266 402 387
523 430 510 315 2 516 371 506 312 526 431
539 436 524 307 2 533 371 519 305 546 436
504 262 491 126 2 495 194 482 125 509 262
522 260 505 127 2 513 192 498 124 528 260
564 330 553 155 1 560 243 536 152 583 333
616 618 604 488 2 609 553 594 487 624 619
751 561 730 384 5 742 475 719 386 765 563
399 460 392 413 0 51 38 51 38 51 38
311 652 316 706 0 51 38 51 38 51 38
225 477 239 546 3 232 512 223 477 242 547
241 587 252 652 3 246 619 236 589 255 649
271 554 274 634 3 269 591 260 549 279 634
279 554 280 631 3 282 589 273 552 290 625
