231 307 244 437 2 239 372 223 305 255 439
585 415 567 261 2 574 340 559 262 588 417
599 390 582 259 2 590 324 578 257 603 391
576 219 555 55 2 565 137 547 55 583 220
608 175 595 65 2 601 120 590 64 612 176
624 180 607 48 2 615 114 602 48 628 180
639 176 622 46 2 629 111 616 43 641 179
629 398 624 344 0 -7 -5 -7 -5 -7 -5
620 317 615 251 0 -7 -5 -7 -5 -7 -5
639 398 632 344 0 -7 -5 -7 -5 -7 -5
632 310 625 259 0 -7 -5 -7 -5 -7 -5
650 395 642 338 0 -7 -5 -7 -5 -7 -5
641 306 639 257 0 -7 -5 -7 -5 -7 -5
677 570 668 469 2 672 521 660 469 684 572
685 715 681 659 0 -7 -5 -7 -5 -7 -5
775 412 785 522 2 782 467 772 412 793 522
837 545 816 343 5 828 442 800 338 856 546
962 517 922 164 5 937 339 891 163 982 515
