585 319 435 316 1 510 315 435 301 586 329
161 315 251 316 2 207 317 162 310 252 324
118 331 257 336 2 186 332 115 322 257 342
421 329 309 328 2 366 328 311 322 422 334
422 340 312 339 2 366 340 310 334 422 346
255 366 127 364 2 191 365 127 358 255 372
258 380 141 380 2 200 379 141 373 259 386
407 370 298 368 2 352 368 297 359 406 377
410 386 302 384 2 356 385 301 379 411 392
417 398 302 398 2 360 398 302 392 418 405
358 480 232 475 2 293 477 228 467 357 486
356 496 228 493 2 292 494 228 485 357 504
218 523 326 524 2 274 522 219 514 328 530
201 538 328 543 2 265 540 201 531 328 549
479 659 421 658 3 450 658 419 650 481 666
558 633 486 633 3 528 633 489 624 567 641
513 547 458 549 3 484 547 452 540 516 555
513 561 450 563 3 482 560 448 553 516 568
502 570 455 570 3 477 569 448 562 507 576
406 529 349 526 3 376 525 347 519 405 531
