854 215 676 239 5 766 227 672 203 861 252
916 357 747 370 1 833 365 747 347 918 383
547 415 374 433 1 460 426 372 405 547 447
732 405 588 418 2 661 413 591 401 731 426
548 459 412 471 2 479 467 412 451 547 483
735 436 592 451 2 663 446 592 435 734 458
560 478 415 494 2 487 487 414 473 560 502
678 585 551 604 2 613 596 550 582 677 609
651 623 525 637 2 588 632 525 620 652 644
771 611 673 624 2 725 618 676 608 773 629
774 627 673 641 2 723 635 671 623 775 648
722 735 650 746 3 680 742 644 732 716 753
826 728 746 738 3 783 728 749 716 817 740
869 619 793 641 3 824 632 787 622 861 641
