443 137 224 159 1 334 147 222 121 447 174
794 77 635 92 2 715 85 635 69 795 101
356 192 193 210 2 274 203 190 187 357 219
361 212 196 234 2 278 224 195 209 362 240
572 170 412 186 2 493 178 412 163 574 193
564 191 419 207 2 493 200 421 187 566 212
513 343 369 360 2 439 354 364 341 513 368
481 388 340 406 2 410 396 339 383 482 409
622 375 514 387 2 570 382 514 370 625 393
623 393 508 407 2 564 401 506 389 623 414
619 409 503 425 2 559 418 499 406 619 430
461 570 605 554 2 531 562 460 547 602 578
795 687 676 699 2 734 692 673 680 795 704
796 700 677 712 2 738 709 677 699 799 719
705 537 634 553 3 664 547 623 533 705 561
829 529 753 540 3 792 533 755 522 830 543
