248 631 247 543 2 247 587 241 541 253 632
258 631 259 547 2 258 588 253 543 264 633
360 405 361 504 2 361 455 352 404 370 506
463 526 459 442 2 460 485 454 442 467 528
475 531 471 450 2 473 489 467 447 479 531
487 531 485 454 2 487 491 480 453 493 530
487 431 485 331 2 485 380 480 330 490 431
516 455 513 352 2 513 403 504 351 522 456
617 357 615 240 2 616 298 610 238 623 357
632 356 630 238 2 629 298 622 238 636 357
620 501 616 398 2 618 451 612 400 624 502
633 508 631 397 2 633 453 626 396 640 511
665 420 665 268 1 668 347 653 268 682 426
685 670 685 557 2 683 613 676 557 691 670
804 630 801 483 5 802 557 788 479 816 636
392 597 389 650 3 391 621 385 587 398 655
