244 323 146 342 2 196 332 146 320 246 344
247 334 148 351 2 196 345 148 333 245 357
243 347 164 363 2 203 356 162 346 245 366
542 274 464 288 2 503 282 464 271 542 293
279 369 157 394 2 217 382 154 367 279 398
408 343 307 363 2 359 355 309 343 409 367
428 353 314 374 2 370 366 312 351 428 381
362 627 461 611 2 411 618 361 603 461 632
360 182 513 156 5 437 168 360 145 513 192
425 587 364 602 3 395 594 364 585 425 604
451 589 509 577 3 477 583 449 574 504 591
538 597 473 610 3 505 602 476 593 535 610
