182 156 187 334 2 184 246 169 156 198 336
207 179 212 334 2 208 257 196 180 220 334
253 372 251 193 2 251 282 239 193 263 371
277 372 278 190 2 276 282 263 192 289 372
412 223 405 62 2 408 143 395 62 420 224
434 215 424 35 2 429 124 417 35 441 214
399 452 392 289 2 394 370 384 286 404 454
417 438 410 287 2 414 360 403 282 425 438
440 434 434 278 2 436 353 420 276 452 431
470 22 475 216 2 475 118 457 21 492 215
497 81 502 203 2 502 144 491 82 513 207
483 454 478 290 2 478 372 467 289 489 454
501 450 492 294 2 497 371 487 293 506 450
531 690 523 469 1 529 579 507 467 550 691
