469 449 543 601 2 509 527 467 447 552 607
367 245 441 396 2 408 323 365 245 451 402
400 123 425 189 0 412 156 395 118 430 195
384 128 407 194 0 396 163 377 126 415 199
428 43 405 107 0 415 78 392 39 438 116
969 720 941 783 0 952 751 932 714 971 788
952 712 925 777 0 938 747 916 711 960 782
844 781 850 736 0 1081 -41 1081 -41 1081 -41
852 681 856 635 0 1081 -41 1081 -41 1081 -41
860 680 864 634 0 1081 -41 1081 -41 1081 -41
857 591 857 619 0 1081 -41 1081 -41 1081 -41
863 591 865 619 0 1081 -41 1081 -41 1081 -41
