828 288 896 138 2 866 212 825 133 908 290
739 516 692 638 2 715 577 688 516 742 639
690 512 645 629 2 666 572 640 512 691 631
703 524 660 633 2 680 580 656 523 704 636
593 506 530 667 2 559 588 523 505 595 671
540 502 495 618 2 515 562 490 502 541 622
553 512 512 621 2 530 567 507 511 553 623
793 344 817 296 0 951 56 951 56 951 56
787 357 837 378 0 951 56 951 56 951 56
892 406 845 383 0 951 56 951 56 951 56
850 487 872 438 0 951 56 951 56 951 56
608 254 662 120 2 639 186 606 117 671 254
523 464 596 279 1 557 373 507 274 607 471
