611 240 811 249 2 709 243 607 227 811 260
244 241 62 227 2 152 233 60 220 244 247
216 259 77 249 2 146 254 75 245 217 263
224 277 77 268 2 149 273 74 262 224 283
267 322 27 315 2 147 319 26 303 268 334
291 442 129 425 2 207 433 122 418 292 448
286 463 122 447 2 202 452 119 440 286 465
301 482 126 470 2 214 474 124 461 303 486
296 521 133 515 2 215 518 133 507 297 528
310 544 130 538 2 221 541 130 528 311 554
293 568 131 563 2 212 566 130 556 294 576
876 565 604 538 1 738 551 599 518 878 585
290 220 563 233 1 426 223 289 197 564 249
