869 286 648 308 5 761 297 649 270 874 323
651 350 878 324 5 761 336 649 308 874 363
1033 518 1043 745 5 1035 632 1014 518 1055 746
990 510 998 747 5 994 632 971 511 1018 753
282 377 310 543 2 297 460 275 377 319 543
248 411 271 557 2 260 486 243 411 277 561
226 406 250 563 2 241 485 222 405 259 565
114 464 150 684 2 136 575 109 464 162 686
75 497 97 645 2 87 572 71 496 102 648
54 495 78 653 2 67 575 48 495 86 655
-20 224 13 465 1 -3 345 -38 222 31 468
918 159 861 28 2 887 93 855 26 919 161
739 109 561 131 2 649 121 559 102 740 141
-23 182 -48 13 2 -38 98 -60 11 -16 186
