-58 387 95 347 2 22 364 -57 336 101 392
313 343 187 375 2 251 361 184 342 318 381
389 450 432 623 2 411 538 379 450 443 626
522 598 472 422 2 493 509 461 420 525 599
594 580 556 442 2 574 514 552 446 596 581
503 278 552 421 2 530 354 500 278 561 429
727 195 794 335 2 763 267 725 194 800 341
863 486 815 379 2 836 430 807 374 865 486
833 247 916 420 2 879 336 826 245 931 427
1043 111 927 132 2 985 124 924 106 1045 143
1033 48 916 72 2 973 62 913 44 1033 80
1031 12 901 33 2 967 25 898 8 1036 43
934 265 961 324 3 948 289 930 260 966 318
