937 154 972 336 2 958 248 930 154 985 341
861 170 885 308 2 875 239 857 170 893 308
927 486 891 334 2 908 410 882 333 933 487
575 238 614 354 2 598 297 572 236 624 357
689 550 635 403 2 657 475 622 396 691 553
583 486 515 301 2 546 393 500 298 591 487
431 366 398 306 0 415 338 395 300 434 375
355 607 478 597 2 417 601 354 586 479 615
360 673 482 661 2 421 666 360 651 482 681
359 711 497 702 2 428 706 358 693 497 719
479 496 508 558 3 498 527 481 498 514 556
449 399 479 462 3 466 431 448 399 484 462
439 400 464 465 3 455 425 439 393 470 457
