769 703 675 686 2 722 694 674 682 770 706
433 547 399 627 2 414 588 392 546 436 631
404 566 382 622 0 949 58 949 58 949 58
369 562 357 616 0 949 58 949 58 949 58
379 577 365 620 0 949 58 949 58 949 58
208 493 185 554 0 195 524 180 491 211 557
125 476 111 555 2 116 516 103 474 129 557
902 331 897 214 2 897 273 886 214 908 332
828 284 826 222 0 828 253 821 220 835 287
812 287 812 225 0 811 255 804 224 818 287
714 291 707 204 2 710 247 701 204 719 291
616 311 642 191 2 630 252 611 190 649 313
555 310 584 178 2 570 244 548 178 592 310
489 339 511 180 2 500 259 483 178 518 339
465 263 473 173 2 467 218 457 173 477 263
389 275 392 178 2 389 226 379 178 399 275
363 226 368 174 0 390 226 381 176 400 276
