750 94 654 91 2 703 93 654 84 752 103
746 115 660 116 2 703 117 660 109 746 125
741 135 657 137 2 699 137 655 128 743 145
623 536 712 548 2 668 544 623 533 714 554
599 551 711 566 2 655 560 599 548 712 572
305 485 152 475 2 228 484 150 467 306 502
210 628 124 626 2 165 627 120 618 210 635
209 646 122 641 2 164 644 120 636 209 651
278 339 170 333 2 226 337 171 325 281 349
251 268 163 279 2 207 276 161 264 252 287
273 236 163 244 2 217 241 161 228 274 253
286 226 155 215 2 222 220 156 209 288 231
