1038 290 1009 389 2 1022 339 1001 289 1042 389
1004 292 984 360 0 992 326 977 288 1007 364
964 269 909 386 2 933 329 902 268 965 390
949 262 895 378 2 920 321 889 262 951 381
822 490 632 434 2 725 457 627 420 823 495
817 518 624 460 2 720 488 621 454 819 522
763 518 702 500 0 1098 -54 1098 -54 1098 -54
490 257 604 401 2 548 332 488 257 608 406
475 270 585 415 2 531 343 471 268 591 418
459 281 574 430 2 519 357 456 279 581 436
443 294 560 444 2 502 370 440 293 564 447
171 617 221 763 2 199 693 165 617 234 768
