788 169 906 210 2 846 192 786 168 907 217
776 180 896 223 2 835 202 775 179 895 226
771 194 889 238 2 830 217 770 192 891 241
737 305 869 354 2 803 331 735 301 872 360
754 329 863 370 2 809 351 754 329 863 372
740 339 859 384 2 801 363 739 339 863 388
715 366 846 416 2 778 393 715 367 841 420
719 386 840 433 2 779 410 716 385 841 435
712 400 832 448 2 774 426 712 400 835 451
369 350 424 469 2 398 409 367 350 428 468
328 366 383 484 2 359 426 327 366 390 487
202 560 155 441 2 177 500 151 438 204 562
82 717 93 586 2 87 652 75 585 99 719
843 720 878 509 1 862 615 830 510 895 720
500 564 501 626 3 502 600 495 569 509 630
491 569 490 634 3 490 600 484 569 495 630
480 566 479 629 3 479 598 473 568 484 627
