435 108 500 97 0 951 55 951 55 951 55
362 125 289 136 0 325 132 285 120 365 145
492 125 427 137 0 951 55 951 55 951 55
416 139 284 166 2 349 154 283 136 416 171
270 170 261 271 2 265 220 254 169 275 270
253 312 244 398 2 246 353 235 310 257 397
215 343 234 198 2 226 270 207 195 244 344
383 301 364 337 0 951 55 951 55 951 55
473 182 470 223 0 951 55 951 55 951 55
482 243 488 207 0 951 55 951 55 951 55
596 192 576 175 0 951 55 951 55 951 55
456 307 444 407 2 448 358 436 307 460 408
624 408 524 399 2 575 401 524 391 625 410
504 393 500 429 0 951 55 951 55 951 55
870 465 748 449 0 810 459 749 444 871 474
696 247 628 245 0 951 55 951 55 951 55
936 473 881 465 0 951 55 951 55 951 55
785 523 738 518 0 951 55 951 55 951 55
780 529 740 528 0 951 55 951 55 951 55
771 566 730 562 0 951 55 951 55 951 55
767 586 728 583 0 951 55 951 55 951 55
602 688 699 662 2 651 673 602 656 700 690
538 690 488 646 0 512 666 481 639 542 693
476 635 476 598 0 951 55 951 55 951 55
491 548 488 584 0 951 55 951 55 951 55
482 543 480 586 0 951 55 951 55 951 55
