829 674 909 738 2 870 708 828 674 912 741
602 531 699 618 2 653 576 601 528 704 623
522 441 600 504 2 562 472 522 441 602 504
354 403 454 425 2 405 415 354 401 455 430
310 494 426 553 2 370 528 307 492 432 563
357 390 456 414 2 407 404 356 389 458 419
507 411 609 494 2 559 454 506 410 611 498
620 520 718 608 2 670 568 619 521 720 614
836 664 916 727 2 878 697 835 663 920 730
845 654 924 720 2 885 688 844 653 926 724
633 504 732 592 2 685 549 633 501 737 596
647 489 747 576 2 699 535 647 489 751 580
518 398 617 483 2 568 441 515 397 621 486
526 387 626 472 2 578 433 525 387 631 479
359 378 460 401 2 411 391 358 376 463 407
363 366 464 389 2 413 380 362 365 464 396
366 354 466 378 2 414 367 363 352 466 381
