850 259 1042 272 2 944 268 846 250 1042 286
846 289 1036 307 2 943 298 844 282 1042 314
843 317 1035 335 2 940 328 843 311 1038 345
833 350 1021 364 2 925 358 830 343 1021 372
615 254 804 261 2 708 259 611 248 804 269
613 276 801 283 2 709 279 613 269 805 289
615 297 802 303 2 708 300 611 290 805 310
657 321 801 322 2 731 320 657 311 805 329
462 573 648 539 2 556 550 458 522 653 578
395 363 532 297 2 468 328 397 293 539 363
407 377 543 311 2 476 343 406 308 546 378
416 392 550 329 2 485 361 414 328 555 394
423 412 555 345 2 492 376 421 339 562 413
