674 129 547 128 2 609 129 544 119 675 138
509 89 366 85 2 438 86 367 78 509 94
509 103 368 102 2 439 102 367 95 511 110
540 123 361 117 2 451 122 361 110 541 133
327 252 347 363 2 339 309 327 252 351 366
318 252 332 364 2 328 310 317 254 339 367
308 254 319 366 2 315 309 306 252 325 366
233 247 243 378 2 239 312 231 246 247 378
223 250 227 382 2 226 315 220 249 231 381
208 250 213 380 2 211 315 203 249 218 381
142 276 168 385 2 156 331 140 276 172 387
133 278 155 389 2 145 333 129 278 160 388
120 280 140 390 2 132 336 119 278 146 393
