591 127 762 130 2 677 128 589 116 765 141
607 147 758 148 2 684 147 607 140 761 155
610 168 759 166 2 686 164 609 155 762 173
595 183 784 189 2 690 188 592 178 787 197
595 204 783 210 2 690 207 595 196 786 217
352 132 571 134 2 460 134 348 119 571 149
374 161 571 169 2 476 167 376 151 576 182
376 188 570 204 2 474 197 374 180 575 215
581 229 381 215 2 480 222 383 208 577 235
578 249 387 235 2 478 241 380 228 577 254
135 261 313 186 2 226 222 132 180 320 264
121 235 300 158 2 214 193 120 148 308 239
209 421 388 373 2 303 393 210 364 395 423
192 445 388 410 2 288 426 189 398 387 455
1060 490 1077 646 2 1068 565 1055 489 1081 641
1045 496 1053 647 2 1052 568 1038 494 1066 643
938 487 954 657 2 950 571 936 483 964 658
928 490 933 661 2 934 577 922 490 946 664
910 490 915 660 2 911 578 901 490 922 665
811 527 836 669 2 823 599 805 523 840 674
793 527 818 674 2 806 602 790 529 822 676
