874 597 894 740 2 889 668 872 596 906 739
861 600 879 743 2 872 670 856 599 888 740
841 393 864 571 2 853 484 833 396 872 571
813 399 833 575 2 826 485 807 396 844 574
786 399 805 575 2 798 486 778 397 819 575
810 212 829 374 2 819 292 798 210 839 374
780 163 683 27 2 729 94 677 25 782 163
767 171 669 37 2 713 102 661 34 765 171
664 59 757 196 2 713 127 662 57 764 196
511 106 570 260 2 545 184 508 106 582 261
522 627 389 659 2 455 645 386 624 523 666
519 640 393 677 2 454 662 389 640 519 684
520 652 398 699 2 459 676 396 650 522 702
