864 348 888 536 2 878 443 853 348 902 537
738 589 715 451 2 724 519 707 447 740 590
731 421 705 275 2 716 348 698 273 733 422
712 422 689 281 2 698 351 682 278 715 424
512 238 366 278 2 439 261 366 239 512 283
508 223 364 262 2 436 245 362 223 509 267
504 207 360 241 2 430 226 357 204 504 248
484 148 344 183 2 415 167 342 145 488 189
481 131 342 166 2 410 151 339 128 481 173
477 111 337 151 2 404 135 332 111 476 158
470 96 330 135 2 401 116 330 94 473 139
466 79 329 121 2 396 102 325 77 466 127
