861 504 883 693 2 875 598 854 506 896 690
835 509 855 694 2 846 601 829 507 864 696
802 513 825 697 2 816 604 797 510 836 697
777 507 794 684 2 787 597 770 508 804 685
826 295 852 468 2 840 381 820 294 860 469
806 294 832 469 2 824 383 806 295 842 472
786 298 813 471 2 801 387 781 300 822 474
775 342 796 477 2 787 407 771 342 804 472
696 121 777 231 2 738 178 696 121 779 234
685 131 761 240 2 726 186 685 130 768 243
671 141 748 252 2 712 197 670 143 754 251
656 149 735 256 2 697 205 655 150 739 260
520 205 577 365 2 553 285 514 202 591 369
