541 289 718 309 2 626 300 537 284 715 315
542 312 712 324 2 628 320 541 308 715 332
537 333 715 344 2 626 340 537 329 715 350
359 304 537 311 2 445 307 356 295 534 318
358 320 535 332 2 445 326 355 315 535 338
697 414 372 393 1 534 410 368 369 700 452
706 544 569 537 2 638 538 568 528 707 549
703 559 571 553 2 636 554 568 543 703 565
657 625 447 617 2 553 618 448 598 658 638
620 648 444 641 2 533 643 447 631 620 654
620 668 447 661 2 532 660 444 649 621 672
668 133 425 117 5 547 123 427 99 668 146
