224 577 257 696 2 244 636 222 576 266 696
655 677 579 613 2 617 645 575 612 659 678
485 544 564 605 2 526 576 485 543 567 609
391 464 472 531 2 430 499 387 463 474 535
286 382 369 449 2 329 417 283 381 374 454
583 542 712 645 1 648 595 577 535 719 654
464 455 550 524 2 508 491 462 454 553 529
427 428 394 402 0 957 52 957 52 957 52
336 353 387 394 0 362 373 335 351 389 394
677 482 759 597 2 718 542 673 483 764 601
723 455 805 567 2 767 512 720 454 813 571
745 455 813 544 2 781 498 742 451 819 545
838 531 909 475 0 957 52 957 52 957 52
648 297 738 227 2 696 259 648 221 745 298
687 208 650 158 0 957 52 957 52 957 52
510 183 473 135 0 492 156 471 127 514 184
