761 430 912 457 2 836 446 758 426 915 466
911 513 759 494 2 832 501 755 483 910 520
707 622 905 604 1 805 613 703 584 908 642
752 690 885 671 2 819 680 748 666 889 694
728 691 608 701 2 669 696 609 685 729 708
472 720 596 706 2 534 712 470 699 597 724
332 737 457 720 2 395 728 331 715 459 742
241 639 174 539 2 209 589 174 538 244 641
359 386 226 366 2 294 375 226 356 361 393
254 352 332 362 0 294 375 226 356 361 393
8 311 133 326 2 71 323 7 310 135 336
210 264 146 306 0 178 284 141 258 215 311
134 176 129 228 0 1046 -16 1046 -16 1046 -16
143 112 136 164 0 1046 -16 1046 -16 1046 -16
221 20 173 14 0 1046 -16 1046 -16 1046 -16
251 32 244 89 0 1046 -16 1046 -16 1046 -16
660 71 645 199 0 651 137 636 71 666 202
