648 731 757 557 2 704 644 642 553 765 735
809 472 906 317 2 861 395 807 316 915 474
405 609 510 432 2 461 519 401 430 522 607
532 411 692 159 1 616 282 525 145 707 419
356 574 464 398 2 411 484 355 394 467 573
385 473 441 394 0 417 432 387 392 446 471
255 513 328 558 0 1108 -61 1108 -61 1108 -61
291 268 176 456 2 225 365 161 266 290 464
117 425 246 205 2 189 316 112 201 265 430
140 -30 54 107 2 93 38 47 -31 139 109
44 146 -38 275 4 -1 212 -51 140 48 284
717 501 877 239 1 795 380 690 239 900 521
