893 340 912 452 2 906 396 890 338 922 453
854 414 815 135 2 833 274 798 132 868 417
721 501 804 489 2 763 495 720 484 806 507
813 501 857 494 0 947 59 947 59 947 59
617 341 591 141 2 600 239 573 136 627 343
632 389 643 468 2 639 428 626 386 653 470
615 518 503 535 2 559 527 502 514 616 540
444 365 464 513 2 455 441 436 366 474 517
437 318 416 172 2 427 243 410 169 444 318
393 323 372 175 2 382 248 366 173 397 324
399 367 419 517 2 410 443 393 369 427 518
251 539 229 374 2 238 457 218 374 257 540
221 313 200 168 2 211 241 194 166 228 316
124 147 164 413 5 145 282 116 145 174 419
