805 130 851 240 2 829 187 802 130 857 244
876 301 927 425 2 903 365 874 301 932 428
790 454 742 338 2 765 397 739 340 792 455
727 297 679 181 2 701 241 676 184 727 298
755 465 710 347 2 731 409 704 351 758 467
697 317 646 190 2 669 252 639 186 699 317
532 223 618 187 2 576 206 533 186 618 225
576 499 540 412 2 553 455 531 410 576 500
504 241 544 338 2 525 290 502 241 548 340
362 353 447 565 2 408 463 356 353 460 573
222 509 168 373 2 191 440 159 371 224 509
235 538 288 667 2 264 604 232 538 296 670
185 529 247 683 2 216 609 180 530 252 688
358 449 378 496 0 409 466 356 355 462 577
382 506 397 556 0 409 466 356 355 462 577
353 436 330 389 0 342 418 327 392 357 444
