846 497 877 325 2 861 412 837 324 884 500
805 461 830 319 2 820 391 802 319 838 462
779 622 797 511 2 790 566 777 509 803 623
644 599 746 619 2 694 611 643 598 746 625
650 404 674 289 2 663 347 649 288 678 406
584 582 606 470 2 595 525 581 466 609 584
486 232 455 363 2 471 299 453 232 490 367
453 400 423 546 2 435 474 416 399 454 549
453 219 416 371 2 434 293 413 217 454 368
418 394 388 544 2 401 468 382 392 421 544
311 163 279 312 2 291 237 272 162 311 312
210 377 254 160 1 233 269 197 158 269 381
