850 250 713 193 2 778 219 706 187 850 251
565 176 442 128 2 503 151 439 122 567 180
678 228 832 290 2 757 262 679 227 835 298
793 438 835 331 2 816 384 791 330 841 438
626 401 785 464 2 705 436 623 399 787 472
767 512 611 446 2 686 479 604 444 768 514
389 355 545 419 2 466 390 387 354 546 426
616 392 389 296 1 504 343 385 281 623 405
545 613 702 677 2 624 649 545 612 703 686
519 658 681 724 2 601 698 520 658 682 738
342 527 497 593 2 422 564 342 525 503 603
488 646 319 578 2 401 607 313 567 490 647
