653 562 724 451 2 690 505 653 447 727 562
519 503 448 613 2 482 558 444 501 521 616
541 468 607 358 2 577 410 539 353 615 468
585 326 506 450 2 544 389 501 325 587 452
418 590 482 494 2 452 541 417 490 487 592
562 301 479 250 2 520 275 477 247 564 303
395 196 316 148 2 354 170 309 142 399 198
422 219 360 315 2 390 266 356 217 423 316
451 237 389 334 2 419 288 384 236 453 341
372 371 293 494 2 332 434 289 369 374 499
320 383 255 480 2 286 434 252 384 321 484
278 142 217 241 2 246 193 213 142 279 244
189 284 128 379 2 159 332 125 282 192 383
106 336 222 156 1 164 247 93 148 235 346
