798 127 850 249 2 824 188 795 126 853 249
864 271 914 386 4 896 328 864 267 929 389
853 379 749 126 2 796 250 732 121 859 379
850 448 747 491 2 799 470 746 446 851 494
666 379 711 480 2 689 432 662 381 716 483
660 349 589 171 2 620 256 575 162 666 350
612 367 534 184 2 568 272 523 177 614 368
553 573 656 532 2 604 553 553 530 656 576
512 580 455 431 2 481 505 450 429 512 581
436 390 382 257 2 404 323 373 256 436 391
397 403 343 267 2 365 336 334 267 396 406
233 437 178 305 2 203 370 172 302 235 437
179 459 124 326 2 149 393 118 325 181 460
256 488 312 626 2 286 558 253 488 319 628
