798 343 935 369 2 866 359 799 343 934 375
799 356 930 392 2 863 375 797 356 929 395
948 415 817 378 2 881 396 811 374 951 419
662 338 792 369 2 728 355 662 335 794 375
655 325 602 312 0 1012 10 1012 10 1012 10
593 322 647 333 0 1012 10 1012 10 1012 10
567 306 406 258 2 485 279 403 247 567 312
364 278 267 413 2 312 345 256 271 368 420
17 387 95 344 0 1012 10 1012 10 1012 10
92 318 146 249 0 120 282 92 246 148 317
258 678 157 656 2 206 664 154 648 259 680
210 733 114 704 2 163 717 113 701 212 734
