943 636 953 527 2 950 583 940 530 960 637
931 634 941 524 2 937 582 927 529 946 635
831 343 818 468 2 823 405 808 342 837 468
692 481 706 376 2 699 430 689 376 710 483
676 485 689 384 2 683 434 671 382 695 485
660 485 672 389 2 667 436 657 387 677 485
673 361 686 236 2 680 299 669 236 691 362
635 387 652 262 2 645 323 629 259 660 388
502 433 515 311 2 509 371 499 308 520 434
484 439 501 303 2 492 370 478 301 505 439
522 255 536 111 2 531 183 517 110 545 255
503 253 521 112 2 513 181 497 109 528 253
459 327 470 142 1 463 235 438 139 488 330
403 632 416 495 2 410 563 395 493 426 633
260 571 283 384 5 270 480 246 387 295 574
632 464 640 414 0 1002 18 1002 18 1002 18
726 667 721 725 0 1002 18 1002 18 1002 18
816 482 802 556 3 809 519 799 482 819 557
800 599 788 667 3 795 633 785 602 805 664
769 564 765 648 3 770 603 760 559 780 648
760 564 759 645 3 757 601 748 562 766 640
