772 313 760 432 2 765 372 750 311 780 434
446 413 462 270 2 456 343 443 271 469 415
433 389 449 269 2 441 328 429 267 452 390
454 231 473 81 2 464 156 448 81 481 232
424 191 437 90 2 431 140 421 89 441 192
409 196 425 74 2 418 135 406 74 430 196
395 192 411 72 2 405 132 394 69 417 195
405 397 409 347 0 992 25 992 25 992 25
413 322 418 261 0 992 25 992 25 992 25
395 397 402 347 0 992 25 992 25 992 25
402 315 409 269 0 992 25 992 25 992 25
386 394 393 342 0 992 25 992 25 992 25
394 312 395 267 0 992 25 992 25 992 25
361 556 369 462 2 366 510 354 462 377 558
353 689 357 637 0 992 25 992 25 992 25
270 410 261 511 2 264 460 254 410 273 511
213 532 233 346 5 221 437 195 342 248 533
98 506 135 181 5 121 342 79 180 164 504
