431 311 600 308 1 515 306 430 291 600 322
909 306 808 308 2 857 309 807 302 908 317
958 325 801 331 2 881 326 801 314 961 338
616 323 742 321 2 677 321 615 314 740 328
615 335 739 334 2 678 335 615 328 741 341
803 364 948 362 2 876 363 803 355 948 371
800 380 931 380 2 865 379 799 372 931 386
632 369 754 367 2 694 366 633 356 755 377
628 386 750 384 2 689 386 627 378 751 393
620 401 750 401 2 685 401 619 393 750 409
687 493 829 487 2 761 489 688 479 833 500
689 511 834 508 2 761 509 688 498 834 520
845 541 723 543 2 782 540 720 531 844 549
864 559 720 563 2 792 561 720 551 864 570
551 695 616 694 3 583 694 548 685 618 703
461 666 542 666 3 495 665 451 656 539 674
512 568 574 571 3 545 569 509 561 581 577
512 584 583 587 3 547 583 509 575 586 592
525 595 577 595 3 552 594 519 586 586 601
633 548 697 545 3 667 544 634 537 700 551
