209 234 367 255 5 287 244 203 223 371 266
153 360 304 372 1 228 367 151 351 304 383
482 412 636 428 1 560 421 482 403 638 440
317 403 446 415 2 381 411 318 399 443 422
482 451 603 462 2 543 458 482 444 603 473
315 431 442 444 2 379 440 315 430 442 450
471 468 600 482 2 536 477 471 464 601 489
365 564 479 580 2 423 573 366 561 480 585
390 598 502 610 2 445 606 389 595 502 616
282 587 370 599 2 324 593 280 584 367 603
280 601 370 613 2 325 609 279 598 371 619
326 697 391 707 3 364 704 331 695 396 713
233 691 305 700 3 272 691 241 681 302 702
195 594 263 613 3 235 605 203 597 268 613
