580 147 790 167 1 684 156 576 131 792 182
243 89 395 104 2 318 97 241 82 395 112
663 199 820 217 2 742 210 662 195 823 226
659 219 817 240 2 738 231 658 216 818 246
455 178 609 194 2 532 186 454 172 609 200
463 198 603 214 2 531 207 462 195 600 219
512 345 651 361 2 584 356 512 343 655 369
543 388 679 405 2 611 396 542 383 680 409
408 376 511 387 2 458 382 404 371 511 393
407 393 517 406 2 463 401 407 389 519 413
410 409 522 424 2 468 417 410 405 526 428
562 563 424 547 2 495 556 426 541 563 570
241 675 356 687 2 300 680 241 668 358 692
240 688 355 699 2 296 697 237 687 355 706
327 531 396 546 3 367 541 327 528 407 554
208 523 281 534 3 244 527 207 517 280 537
