845 694 847 583 2 847 638 839 581 854 695
832 694 831 588 2 832 640 825 583 839 696
705 409 703 534 2 704 472 692 408 715 537
576 562 580 457 2 579 510 571 457 587 564
560 568 565 466 2 563 515 556 463 571 568
546 568 548 472 2 546 518 538 470 554 567
546 443 548 317 2 548 379 542 315 554 443
509 473 512 344 2 512 408 501 342 523 474
382 350 385 202 2 383 275 375 200 391 350
363 349 366 200 2 367 275 358 200 376 350
378 531 383 401 2 381 467 373 403 388 532
362 540 365 400 2 362 470 354 398 371 543
323 429 323 238 1 319 337 300 238 337 436
297 743 296 600 2 299 671 289 600 308 743
148 692 152 507 5 150 601 133 503 167 699
665 651 669 717 3 665 681 657 639 674 723
