876 300 1009 326 2 941 313 873 297 1008 330
872 315 1006 339 2 940 331 874 314 1006 347
877 333 984 354 2 931 345 874 332 987 359
473 234 579 254 2 526 246 473 231 579 260
829 363 994 397 2 913 381 828 360 998 402
654 328 791 354 2 720 344 652 327 788 360
627 341 781 370 2 706 359 627 338 785 379
716 712 583 690 2 650 699 582 680 717 719
718 109 511 75 5 615 92 511 60 719 124
631 658 713 677 3 672 668 631 655 713 681
596 660 518 645 3 561 652 524 641 598 663
479 671 566 689 3 522 678 482 667 562 689
