826 168 822 337 2 825 253 811 168 838 339
802 190 798 337 2 802 264 790 191 813 337
759 373 761 203 2 761 287 749 203 772 371
736 373 735 199 2 737 287 725 202 749 373
608 231 614 79 2 612 155 600 79 624 232
587 223 597 52 2 592 137 580 52 603 222
621 449 627 294 2 625 371 615 291 635 451
603 436 610 292 2 606 362 596 288 616 436
581 431 587 283 2 585 355 570 281 600 429
553 41 548 224 2 548 131 531 39 565 223
527 96 523 213 2 522 156 512 97 532 216
540 451 546 295 2 545 373 535 294 555 451
524 447 531 298 2 528 372 518 297 537 447
494 675 502 465 1 497 570 477 463 517 676
